%time,field.header.seq,field.header.stamp,field.header.frame_id,field.distanceA,field.distanceB,field.distanceC,field.distanceD,field.distanceE,field.distanceF,field.distanceG,field.distanceH
1710773604202120553,25782,1710773604201655291,,0.45300000906,0.65499997139,0.5,0.248999997973,0.138999998569,0.704999983311,0.0320000015199,0.0
1710773604252199647,25783,1710773604251670218,,0.404000014067,0.652999997139,0.5,0.248999997973,0.136999994516,0.70300000906,0.0320000015199,0.0
1710773604302341449,25784,1710773604301799260,,0.507000029087,0.652999997139,0.499000012875,0.286000013351,0.135000005364,0.703999996185,0.0320000015199,0.0
1710773604352115906,25785,1710773604351595331,,0.559000015259,0.653999984264,0.503000020981,0.286000013351,0.131999999285,0.703999996185,0.0320000015199,0.0
1710773604402289896,25786,1710773604401614425,,0.559000015259,0.65600001812,0.505999982357,0.418999999762,0.135000005364,0.704999983311,0.0320000015199,0.0
1710773604452105551,25787,1710773604451661591,,0.559000015259,0.652000010014,0.569000005722,0.381000012159,0.135000005364,0.703999996185,0.0320000015199,0.0
1710773604502102093,25788,1710773604501631830,,0.509000003338,0.652000010014,0.632000029087,0.381000012159,0.135000005364,0.704999983311,0.0320000015199,0.0
1710773604551993842,25789,1710773604551601028,,0.505999982357,0.649999976158,0.566999971867,0.344999998808,0.134000003338,0.702000021935,0.0320000015199,0.0
1710773604601968300,25790,1710773604601602048,,0.455000013113,0.65600001812,0.566999971867,0.254000008106,0.134000003338,0.702000021935,0.0320000015199,0.0
1710773604652092445,25791,1710773604651571246,,0.456000000238,0.658999979496,0.504000008106,0.328999996185,0.134000003338,0.699999988079,0.0320000015199,0.0
1710773604702216539,25792,1710773604701575183,,0.504999995232,0.658999979496,0.503000020981,0.326999992132,0.136000007391,0.700999975204,0.0320000015199,0.0
1710773604752111257,25793,1710773604751572818,,0.507000029087,0.657000005245,0.501999974251,0.326999992132,0.136999994516,0.699999988079,0.0320000015199,0.0
1710773604802089205,25794,1710773604801590974,,0.505999982357,0.649999976158,0.565999984741,0.248999997973,0.137999996543,0.70300000906,0.0320000015199,0.0
1710773604852132934,25795,1710773604851573296,,0.505999982357,0.648000001907,0.572000026703,0.24699999392,0.135000005364,0.703999996185,0.0320000015199,0.0
1710773604902231767,25796,1710773604901579212,,0.500999987125,0.644999980927,0.500999987125,0.209000006318,0.140000000596,0.703999996185,0.0320000015199,0.0
1710773604952027057,25797,1710773604951572629,,0.451999992132,0.644999980927,0.499000012875,0.209000006318,0.140000000596,0.70300000906,0.0320000015199,0.0
1710773605002001880,25798,1710773605001613232,,0.455000013113,0.644999980927,0.559000015259,0.172000005841,0.141000002623,0.70300000906,0.0320000015199,0.0
1710773605052314258,25799,1710773605051885558,,0.400999993086,0.651000022888,0.500999987125,0.21099999547,0.137999996543,0.703999996185,0.0320000015199,0.0
1710773605102078248,25800,1710773605101587048,,0.453999996185,0.651000022888,0.446999996901,0.211999997497,0.134000003338,0.703999996185,0.0320000015199,0.0
1710773605152310886,25801,1710773605151622498,,0.453999996185,0.653999984264,0.386999994516,0.324999988079,0.130999997258,0.70300000906,0.0320000015199,0.0
1710773605202211492,25802,1710773605201617792,,0.458999991417,0.657999992371,0.448000013828,0.363000005484,0.131999999285,0.705999970436,0.0320000015199,0.0
1710773605252099441,25803,1710773605251562981,,0.458999991417,0.662000000477,0.444999992847,0.365000009537,0.136000007391,0.705999970436,0.0320000015199,0.0
1710773605302067912,25804,1710773605301630827,,0.456999987364,0.662000000477,0.439999997616,0.381000012159,0.136000007391,0.705999970436,0.0320000015199,0.0
1710773605352025184,25805,1710773605351566224,,0.505999982357,0.663999974728,0.384000003338,0.381000012159,0.135000005364,0.704999983311,0.0320000015199,0.0
1710773605402053863,25806,1710773605401628601,,0.554000020027,0.662000000477,0.388999998569,0.342000007629,0.135000005364,0.70300000906,0.0320000015199,0.0
1710773605452145147,25807,1710773605451587332,,0.60900002718,0.660000026226,0.45300000906,0.212999999523,0.135000005364,0.70300000906,0.0320000015199,0.0
1710773605502115961,25808,1710773605501578980,,0.558000028133,0.65600001812,0.446999996901,0.173999994993,0.136999994516,0.700999975204,0.0320000015199,0.0
1710773605552253546,25809,1710773605551693128,,0.505999982357,0.653999984264,0.508000016212,0.211999997497,0.136999994516,0.699999988079,0.0320000015199,0.0
1710773605602258788,25810,1710773605601624306,,0.504999995232,0.648000001907,0.507000029087,0.247999995947,0.137999996543,0.699999988079,0.0320000015199,0.0
1710773605652144081,25811,1710773605651623402,,0.505999982357,0.647000014782,0.566999971867,0.247999995947,0.138999998569,0.700999975204,0.0320000015199,0.0
1710773605702099739,25812,1710773605701588799,,0.610000014305,0.649999976158,0.507000029087,0.211999997497,0.137999996543,0.700999975204,0.0320000015199,0.0
1710773605752094407,25813,1710773605751608468,,0.610000014305,0.649999976158,0.442999988794,0.211999997497,0.136999994516,0.700999975204,0.0320000015199,0.0
1710773605802154024,25814,1710773605801610845,,0.60900002718,0.65600001812,0.449000000954,0.17499999702,0.134000003338,0.700999975204,0.0320000015199,0.0
1710773605852060880,25815,1710773605851548013,,0.60799998045,0.651000022888,0.433999985456,0.211999997497,0.134000003338,0.702000021935,0.0320000015199,0.0
1710773605902138673,25816,1710773605901595338,,0.60900002718,0.649999976158,0.497000008821,0.212999999523,0.136000007391,0.70300000906,0.0320000015199,0.0
1710773605952149800,25817,1710773605951574433,,0.60900002718,0.646000027657,0.493999987841,0.212999999523,0.136000007391,0.703999996185,0.0320000015199,0.0
1710773606002118323,25818,1710773606001632644,,0.60900002718,0.649999976158,0.570999979973,0.303999990225,0.134000003338,0.70300000906,0.0320000015199,0.0
1710773606052047108,25819,1710773606051602002,,0.60900002718,0.651000022888,0.630999982357,0.342000007629,0.135000005364,0.702000021935,0.0320000015199,0.0
1710773606101940163,25820,1710773606101528235,,0.555000007153,0.651000022888,0.569000005722,0.342999994755,0.137999996543,0.700999975204,0.0320000015199,0.0
1710773606153065463,25821,1710773606151829000,,0.503000020981,0.651000022888,0.569000005722,0.342999994755,0.141000002623,0.700999975204,0.0320000015199,0.0
1710773606202034193,25822,1710773606201590285,,0.455000013113,0.651000022888,0.508000016212,0.342999994755,0.140000000596,0.700999975204,0.0320000015199,0.0
1710773606252702199,25823,1710773606251771779,,0.508000016212,0.649999976158,0.568000018597,0.342999994755,0.140000000596,0.70300000906,0.0320000015199,0.0
1710773606303596509,25824,1710773606301944680,,0.507000029087,0.651000022888,0.500999987125,0.381999999285,0.137999996543,0.70300000906,0.0320000015199,0.0
1710773606352681020,25825,1710773606351797110,,0.507000029087,0.657000005245,0.561999976635,0.462000012398,0.140000000596,0.70300000906,0.0320000015199,0.0
1710773606403832362,25826,1710773606402417512,,0.456000000238,0.652999997139,0.497000008821,0.36700001359,0.137999996543,0.703999996185,0.0320000015199,0.0
1710773606452644632,25827,1710773606451974265,,0.509000003338,0.653999984264,0.560000002384,0.330000013113,0.141000002623,0.704999983311,0.0320000015199,0.0
1710773606502062686,25828,1710773606501565601,,0.505999982357,0.648000001907,0.430000007153,0.25,0.142000004649,0.705999970436,0.0320000015199,0.0
1710773606553425174,25829,1710773606551998502,,0.504000008106,0.648000001907,0.497000008821,0.25,0.142000004649,0.704999983311,0.0320000015199,0.0
1710773606602230622,25830,1710773606601547859,,0.504999995232,0.647000014782,0.43900001049,0.286000013351,0.138999998569,0.704999983311,0.0320000015199,0.0
1710773606652651804,25831,1710773606651866801,,0.558000028133,0.647000014782,0.451999992132,0.286000013351,0.136000007391,0.703999996185,0.0320000015199,0.0
1710773606701946941,25832,1710773606701527981,,0.509999990463,0.649999976158,0.453999996185,0.248999997973,0.136000007391,0.703999996185,0.0320000015199,0.0
1710773606752892032,25833,1710773606752049685,,0.509000003338,0.651000022888,0.449000000954,0.21099999547,0.138999998569,0.705999970436,0.0320000015199,0.0
1710773606803667227,25834,1710773606802143783,,0.509000003338,0.65499997139,0.439999997616,0.21400000155,0.137999996543,0.70300000906,0.0320000015199,0.0
1710773606852908092,25835,1710773606851866370,,0.509999990463,0.652000010014,0.503000020981,0.21099999547,0.138999998569,0.703999996185,0.0320000015199,0.0
1710773606904218081,25836,1710773606902764013,,0.509999990463,0.651000022888,0.507000029087,0.21099999547,0.136999994516,0.70300000906,0.0320000015199,0.0
1710773606952790715,25837,1710773606951831180,,0.510999977589,0.652000010014,0.508000016212,0.21099999547,0.140000000596,0.703999996185,0.0320000015199,0.0
1710773607002796792,25838,1710773607001845486,,0.56099998951,0.65499997139,0.444999992847,0.25,0.140000000596,0.703999996185,0.0320000015199,0.0
1710773607052785214,25839,1710773607051780575,,0.610000014305,0.657999992371,0.442999988794,0.254000008106,0.140000000596,0.70300000906,0.0320000015199,0.0
1710773607101966968,25840,1710773607101535143,,0.560000002384,0.663999974728,0.569000005722,0.254000008106,0.136999994516,0.705999970436,0.0320000015199,0.0
1710773607153545032,25841,1710773607151965182,,0.509999990463,0.658999979496,0.632000029087,0.254000008106,0.138999998569,0.705999970436,0.0320000015199,0.0
1710773607203151006,25842,1710773607202467670,,0.510999977589,0.660000026226,0.634000003338,0.21400000155,0.141000002623,0.703999996185,0.0320000015199,0.0
1710773607252288436,25843,1710773607251743746,,0.56099998951,0.660000026226,0.633000016212,0.21400000155,0.143999993801,0.70300000906,0.0320000015199,0.0
1710773607303188425,25844,1710773607301826023,,0.611999988556,0.657999992371,0.566999971867,0.21400000155,0.141000002623,0.70300000906,0.0320000015199,0.0
1710773607352870023,25845,1710773607351960853,,0.559000015259,0.657999992371,0.500999987125,0.215000003576,0.140000000596,0.702000021935,0.0320000015199,0.0
1710773607404436421,25846,1710773607402283652,,0.559000015259,0.652000010014,0.501999974251,0.178000003099,0.138999998569,0.702000021935,0.0320000015199,0.0
1710773607452408586,25847,1710773607451745407,,0.509000003338,0.65499997139,0.564999997616,0.215000003576,0.138999998569,0.70300000906,0.0320000015199,0.0
1710773607502497791,25848,1710773607501725600,,0.462000012398,0.652999997139,0.569000005722,0.252000004053,0.136999994516,0.704999983311,0.0320000015199,0.0
1710773607553298717,25849,1710773607551974337,,0.411000013351,0.65499997139,0.500999987125,0.250999987125,0.137999996543,0.703999996185,0.0320000015199,0.0
1710773607601758228,25850,1710773607601495727,,0.407999992371,0.653999984264,0.435000002384,0.209000006318,0.138999998569,0.708000004292,0.0320000015199,0.0
1710773607652288736,25851,1710773607651706442,,0.405999988317,0.65600001812,0.499000012875,0.209999993443,0.142000004649,0.708000004292,0.0320000015199,0.0
1710773607703426903,25852,1710773607701692573,,0.507000029087,0.648999989033,0.504000008106,0.207000002265,0.136999994516,0.709999978542,0.0320000015199,0.0
1710773607752833501,25853,1710773607751930372,,0.559000015259,0.652999997139,0.508000016212,0.21099999547,0.135000005364,0.705999970436,0.0320000015199,0.0
1710773607803115831,25854,1710773607801960097,,0.611000001431,0.573000013828,0.430999994278,0.211999997497,0.131999999285,0.686999976635,0.0320000015199,0.0
1710773607852465033,25855,1710773607851812947,,0.56099998951,0.574000000954,0.430000007153,0.21099999547,0.131999999285,0.686999976635,0.0320000015199,0.0
1710773607902967468,25856,1710773607901973662,,0.512000024319,0.569999992847,0.426999986172,0.24699999392,0.137999996543,0.686999976635,0.0320000015199,0.0
1710773607952536931,25857,1710773607951817709,,0.510999977589,0.649999976158,0.504000008106,0.324000000954,0.138999998569,0.699999988079,0.0320000015199,0.0
1710773608002649729,25858,1710773608001707903,,0.509999990463,0.648000001907,0.507000029087,0.326999992132,0.141000002623,0.698000013828,0.0320000015199,0.0
1710773608052812999,25859,1710773608051779141,,0.460000008345,0.652000010014,0.568000018597,0.326999992132,0.140000000596,0.699999988079,0.0320000015199,0.0
1710773608102290484,25860,1710773608101582200,,0.460000008345,0.648000001907,0.504000008106,0.21400000155,0.141000002623,0.70300000906,0.0320000015199,0.0
1710773608153610060,25861,1710773608152325993,,0.510999977589,0.652999997139,0.5,0.328999996185,0.141000002623,0.700999975204,0.0320000015199,0.0
1710773608202944056,25862,1710773608201712853,,0.510999977589,0.65499997139,0.437000006437,0.328999996185,0.140000000596,0.70300000906,0.0320000015199,0.0
1710773608252374302,25863,1710773608251723778,,0.560000002384,0.660000026226,0.441000014544,0.328999996185,0.136999994516,0.702000021935,0.0320000015199,0.0
1710773608303226272,25864,1710773608301917829,,0.559000015259,0.657999992371,0.381000012159,0.32800000906,0.130999997258,0.702000021935,0.0320000015199,0.0
1710773608352451517,25865,1710773608351855108,,0.60799998045,0.657000005245,0.444999992847,0.326999992132,0.130999997258,0.700999975204,0.0320000015199,0.0
1710773608403099424,25866,1710773608402028378,,0.558000028133,0.653999984264,0.509000003338,0.326000005007,0.135000005364,0.702000021935,0.0320000015199,0.0
1710773608452804254,25867,1710773608451906698,,0.507000029087,0.652000010014,0.508000016212,0.21099999547,0.135000005364,0.703999996185,0.0320000015199,0.0
1710773608502462521,25868,1710773608501712831,,0.456000000238,0.65499997139,0.449000000954,0.211999997497,0.136999994516,0.700999975204,0.0320000015199,0.0
1710773608552665999,25869,1710773608551806986,,0.456999987364,0.65499997139,0.384999990463,0.173999994993,0.134000003338,0.700999975204,0.0320000015199,0.0
1710773608601996505,25870,1710773608601506243,,0.455000013113,0.660000026226,0.379999995232,0.215000003576,0.136999994516,0.691999971867,0.0320000015199,0.0
1710773608652818632,25871,1710773608652000035,,0.456000000238,0.65499997139,0.372999995947,0.252000004053,0.138999998569,0.690999984741,0.0320000015199,0.0
1710773608702489087,25872,1710773608701762469,,0.555999994278,0.652999997139,0.377999991179,0.28900000453,0.136999994516,0.698000013828,0.0320000015199,0.0
1710773608752689388,25873,1710773608751821676,,0.60900002718,0.648999989033,0.448000013828,0.326000005007,0.135000005364,0.698000013828,0.0320000015199,0.0
1710773608802756563,25874,1710773608801780986,,0.558000028133,0.646000027657,0.509999990463,0.287999987602,0.136000007391,0.712999999523,0.0320000015199,0.0
1710773608852672279,25875,1710773608851889360,,0.505999982357,0.643999993801,0.510999977589,0.248999997973,0.136000007391,0.714999973774,0.0320000015199,0.0
1710773608902640548,25876,1710773608901994869,,0.458000004292,0.643999993801,0.507000029087,0.248999997973,0.136999994516,0.71899998188,0.0320000015199,0.0
1710773608952861839,25877,1710773608952200586,,0.509000003338,0.648999989033,0.505999982357,0.248999997973,0.136999994516,0.71899998188,0.0320000015199,0.0
1710773609001867447,25878,1710773609001504894,,0.509999990463,0.652000010014,0.569000005722,0.212999999523,0.138999998569,0.703999996185,0.0320000015199,0.0
1710773609053008952,25879,1710773609052072282,,0.509000003338,0.657999992371,0.630999982357,0.212999999523,0.138999998569,0.699000000954,0.0320000015199,0.0
1710773609101955761,25880,1710773609101556020,,0.455000013113,0.657000005245,0.632000029087,0.250999987125,0.136999994516,0.699999988079,0.0320000015199,0.0
1710773609153552111,25881,1710773609151846531,,0.507000029087,0.65499997139,0.565999984741,0.287000000477,0.137999996543,0.703999996185,0.0320000015199,0.0
1710773609203210120,25882,1710773609201589541,,0.558000028133,0.658999979496,0.504999995232,0.252000004053,0.137999996543,0.711000025272,0.0320000015199,0.0
1710773609253071933,25883,1710773609251850938,,0.560000002384,0.661000013351,0.442000001669,0.216000005603,0.135000005364,0.713999986649,0.0320000015199,0.0
1710773609303379892,25884,1710773609301956033,,0.558000028133,0.661000013351,0.446999996901,0.216000005603,0.130999997258,0.708999991417,0.0320000015199,0.0
1710773609352457014,25885,1710773609351704459,,0.558000028133,0.657000005245,0.446999996901,0.212999999523,0.131999999285,0.708999991417,0.0320000015199,0.0
1710773609403789926,25886,1710773609402396170,,0.579999983311,0.649999976158,0.507000029087,0.209000006318,0.135000005364,0.703999996185,0.0320000015199,0.0
1710773609452727099,25887,1710773609451836262,,0.579999983311,0.65499997139,0.568000018597,0.172000005841,0.137999996543,0.70300000906,0.0320000015199,0.0
1710773609502827193,25888,1710773609501766200,,0.579999983311,0.660000026226,0.56400001049,0.17499999702,0.140000000596,0.70300000906,0.0320000015199,0.0
1710773609553823593,25889,1710773609552224993,,0.60900002718,0.65600001812,0.512000024319,0.212999999523,0.137999996543,0.703999996185,0.0320000015199,0.0
1710773609601926909,25890,1710773609601572897,,0.60900002718,0.657999992371,0.451000005007,0.28900000453,0.135000005364,0.704999983311,0.0320000015199,0.0
1710773609652866799,25891,1710773609651903566,,0.60900002718,0.653999984264,0.386000007391,0.326000005007,0.136000007391,0.702000021935,0.0320000015199,0.0
1710773609702407568,25892,1710773609701888243,,0.60799998045,0.65499997139,0.379999995232,0.326000005007,0.137999996543,0.702000021935,0.0320000015199,0.0
1710773609752960945,25893,1710773609751800264,,0.60799998045,0.653999984264,0.36700001359,0.326000005007,0.138999998569,0.702000021935,0.0320000015199,0.0
1710773609803944637,25894,1710773609801908587,,0.60799998045,0.65499997139,0.370999991894,0.252000004053,0.136000007391,0.70300000906,0.0320000015199,0.0
1710773609853081030,25895,1710773609851923994,,0.60799998045,0.652999997139,0.435000002384,0.216000005603,0.136999994516,0.704999983311,0.0320000015199,0.0
1710773609903348000,25896,1710773609902389246,,0.60799998045,0.651000022888,0.451999992132,0.175999999046,0.137999996543,0.704999983311,0.0320000015199,0.0
1710773609952586320,25897,1710773609951898661,,0.60799998045,0.651000022888,0.513000011444,0.300999999046,0.137999996543,0.707000017166,0.0320000015199,0.0
1710773610002894644,25898,1710773610001888390,,0.606999993324,0.653999984264,0.510999977589,0.449999988079,0.138999998569,0.704999983311,0.0320000015199,0.0
1710773610054884123,25899,1710773610052052237,,0.606999993324,0.653999984264,0.509000003338,0.451000005007,0.138999998569,0.707000017166,0.0320000015199,0.0
1710773610102922910,25900,1710773610101640092,,0.606999993324,0.648000001907,0.569999992847,0.437000006437,0.138999998569,0.704999983311,0.0320000015199,0.0
1710773610153139986,25901,1710773610152055555,,0.60799998045,0.648000001907,0.570999979973,0.397000014782,0.140000000596,0.704999983311,0.0320000015199,0.0
1710773610201856796,25902,1710773610201562003,,0.555999994278,0.648999989033,0.569999992847,0.324000000954,0.141000002623,0.700999975204,0.0320000015199,0.0
1710773610252838823,25903,1710773610251859340,,0.555999994278,0.648999989033,0.570999979973,0.211999997497,0.142000004649,0.700999975204,0.0320000015199,0.0
1710773610303613401,25904,1710773610302065895,,0.505999982357,0.652000010014,0.505999982357,0.326000005007,0.136000007391,0.700999975204,0.0320000015199,0.0
1710773610352561879,25905,1710773610351780417,,0.504999995232,0.647000014782,0.504000008106,0.326000005007,0.134000003338,0.700999975204,0.0320000015199,0.0
1710773610403023331,25906,1710773610402103275,,0.449999988079,0.646000027657,0.437000006437,0.326000005007,0.136000007391,0.700999975204,0.0320000015199,0.0
1710773610452406237,25907,1710773610451771078,,0.449999988079,0.64200001955,0.435000002384,0.21400000155,0.137999996543,0.700999975204,0.0320000015199,0.0
1710773610502102999,25908,1710773610501531903,,0.504999995232,0.643000006676,0.384000003338,0.250999987125,0.136999994516,0.700999975204,0.0320000015199,0.0
1710773610553649299,25909,1710773610552071064,,0.559000015259,0.648999989033,0.388999998569,0.337999999523,0.133000001311,0.70300000906,0.0320000015199,0.0
1710773610601978451,25910,1710773610601530897,,0.507000029087,0.653999984264,0.389999985695,0.375,0.130999997258,0.703999996185,0.0320000015199,0.0
1710773610653125479,25911,1710773610652010214,,0.501999974251,0.653999984264,0.388999998569,0.33599999547,0.133000001311,0.705999970436,0.0320000015199,0.0
1710773610701965102,25912,1710773610701528590,,0.40000000596,0.653999984264,0.442000001669,0.248999997973,0.136000007391,0.703999996185,0.0320000015199,0.0
1710773610752681816,25913,1710773610751877698,,0.398000001907,0.649999976158,0.505999982357,0.247999995947,0.138999998569,0.704999983311,0.0320000015199,0.0
1710773610803436290,25914,1710773610802133576,,0.398000001907,0.648999989033,0.569999992847,0.25,0.140000000596,0.703999996185,0.0320000015199,0.0
1710773610852450965,25915,1710773610851704244,,0.395999997854,0.647000014782,0.495000004768,0.212999999523,0.141000002623,0.704999983311,0.0320000015199,0.0
1710773610902133352,25916,1710773610901653506,,0.402999997139,0.648000001907,0.497000008821,0.212999999523,0.137999996543,0.704999983311,0.0320000015199,0.0
1710773610952940170,25917,1710773610951986364,,0.456000000238,0.653999984264,0.499000012875,0.21400000155,0.135000005364,0.705999970436,0.0320000015199,0.0
1710773611002572244,25918,1710773611001664480,,0.507000029087,0.65499997139,0.573000013828,0.175999999046,0.135000005364,0.703999996185,0.0320000015199,0.0
1710773611052684322,25919,1710773611051844579,,0.555999994278,0.653999984264,0.572000026703,0.17499999702,0.136999994516,0.703999996185,0.0320000015199,0.0
1710773611101800042,25920,1710773611101502176,,0.556999981403,0.648999989033,0.569999992847,0.172000005841,0.138999998569,0.704999983311,0.0320000015199,0.0
1710773611152548945,25921,1710773611151842797,,0.556999981403,0.649999976158,0.569999992847,0.172999992967,0.140000000596,0.704999983311,0.0320000015199,0.0
1710773611201854978,25922,1710773611201474039,,0.556999981403,0.657999992371,0.507000029087,0.250999987125,0.136999994516,0.703999996185,0.0320000015199,0.0
1710773611252536017,25923,1710773611251711639,,0.558000028133,0.657000005245,0.569000005722,0.252000004053,0.137999996543,0.70300000906,0.0320000015199,0.0
1710773611303328879,25924,1710773611301970853,,0.559000015259,0.652999997139,0.509000003338,0.247999995947,0.137999996543,0.70300000906,0.0320000015199,0.0
1710773611352360693,25925,1710773611351729284,,0.508000016212,0.647000014782,0.509000003338,0.209000006318,0.137999996543,0.703999996185,0.0320000015199,0.0
1710773611402805376,25926,1710773611402068967,,0.559000015259,0.646000027657,0.45300000906,0.323000013828,0.136999994516,0.703999996185,0.0320000015199,0.0
1710773611452605213,25927,1710773611451680991,,0.509999990463,0.646000027657,0.388000011444,0.324999988079,0.135000005364,0.703999996185,0.0320000015199,0.0
1710773611502360988,25928,1710773611501615829,,0.56099998951,0.647000014782,0.448000013828,0.365000009537,0.133000001311,0.70300000906,0.0320000015199,0.0
1710773611553473903,25929,1710773611552022856,,0.56099998951,0.648999989033,0.503000020981,0.32800000906,0.135000005364,0.702000021935,0.0320000015199,0.0
1710773611601947485,25930,1710773611601538108,,0.610000014305,0.65600001812,0.509000003338,0.21400000155,0.134000003338,0.70300000906,0.0320000015199,0.0
1710773611652812587,25931,1710773611651811854,,0.56099998951,0.661000013351,0.573000013828,0.175999999046,0.136000007391,0.704999983311,0.0320000015199,0.0
1710773611702140026,25932,1710773611701596326,,0.560000002384,0.657999992371,0.458999991417,0.173999994993,0.134000003338,0.704999983311,0.0320000015199,0.0
1710773611752398199,25933,1710773611751655019,,0.56099998951,0.660000026226,0.513999998569,0.211999997497,0.136999994516,0.703999996185,0.0320000015199,0.0
1710773611803462052,25934,1710773611801937931,,0.558000028133,0.653999984264,0.512000024319,0.252000004053,0.137999996543,0.703999996185,0.0320000015199,0.0
1710773611852595740,25935,1710773611851843550,,0.559000015259,0.65499997139,0.569000005722,0.252999991179,0.141000002623,0.705999970436,0.0320000015199,0.0
1710773611903034434,25936,1710773611901989586,,0.504999995232,0.649999976158,0.568000018597,0.21400000155,0.137999996543,0.705999970436,0.0320000015199,0.0
1710773611953325836,25937,1710773611952025935,,0.556999981403,0.649999976158,0.573000013828,0.17499999702,0.136999994516,0.703999996185,0.0320000015199,0.0
1710773612001944991,25938,1710773612001484781,,0.503000020981,0.648000001907,0.510999977589,0.21099999547,0.136999994516,0.700999975204,0.0320000015199,0.0
1710773612053756453,25939,1710773612051898112,,0.448000013828,0.651000022888,0.444999992847,0.212999999523,0.137999996543,0.700999975204,0.0320000015199,0.0
1710773612102738685,25940,1710773612101770765,,0.398999989033,0.652999997139,0.508000016212,0.326000005007,0.137999996543,0.700999975204,0.0320000015199,0.0
1710773612153161183,25941,1710773612152103783,,0.398999989033,0.652999997139,0.507000029087,0.326000005007,0.137999996543,0.702000021935,0.0320000015199,0.0
1710773612202212895,25942,1710773612201579819,,0.404000014067,0.653999984264,0.572000026703,0.287000000477,0.138999998569,0.702000021935,0.0320000015199,0.0
1710773612252420913,25943,1710773612251680493,,0.398000001907,0.653999984264,0.504000008106,0.212999999523,0.140000000596,0.702000021935,0.0320000015199,0.0
1710773612302172783,25944,1710773612301584968,,0.451999992132,0.649999976158,0.569999992847,0.211999997497,0.138999998569,0.700999975204,0.0320000015199,0.0
1710773612352097779,25945,1710773612351512048,,0.501999974251,0.653999984264,0.566999971867,0.344000011683,0.140000000596,0.702000021935,0.0320000015199,0.0
1710773612402106109,25946,1710773612401601576,,0.504999995232,0.65499997139,0.570999979973,0.305000007153,0.136999994516,0.702000021935,0.0320000015199,0.0
1710773612452235950,25947,1710773612451856886,,0.449000000954,0.65600001812,0.508000016212,0.303999990225,0.135000005364,0.702000021935,0.0320000015199,0.0
1710773612502055946,25948,1710773612501519850,,0.451999992132,0.652000010014,0.45300000906,0.171000003815,0.135000005364,0.702000021935,0.0320000015199,0.0
1710773612551900629,25949,1710773612551524013,,0.449999988079,0.652000010014,0.449999988079,0.209000006318,0.137999996543,0.70300000906,0.0320000015199,0.0
1710773612602137293,25950,1710773612601575311,,0.449999988079,0.648000001907,0.446000009775,0.246000006795,0.141000002623,0.703999996185,0.0320000015199,0.0
1710773612652208175,25951,1710773612651534943,,0.398999989033,0.648999989033,0.449999988079,0.24699999392,0.138999998569,0.703999996185,0.0320000015199,0.0
1710773612702028431,25952,1710773612701577440,,0.404000014067,0.648999989033,0.513999998569,0.24699999392,0.138999998569,0.70300000906,0.0320000015199,0.0
1710773612752126709,25953,1710773612751556967,,0.404000014067,0.649999976158,0.580999970436,0.247999995947,0.137999996543,0.702000021935,0.0320000015199,0.0
1710773612802185143,25954,1710773612801558630,,0.400999993086,0.649999976158,0.509000003338,0.247999995947,0.137999996543,0.702000021935,0.0320000015199,0.0
1710773612851993004,25955,1710773612851507168,,0.449000000954,0.648999989033,0.441000014544,0.247999995947,0.137999996543,0.700999975204,0.0320000015199,0.0
1710773612902049875,25956,1710773612901535394,,0.500999987125,0.647000014782,0.499000012875,0.25,0.138999998569,0.698000013828,0.0320000015199,0.0
1710773612951856590,25957,1710773612951494974,,0.504999995232,0.648000001907,0.504999995232,0.250999987125,0.137999996543,0.695999979973,0.0320000015199,0.0
1710773613001994295,25958,1710773613001520908,,0.453999996185,0.670000016689,0.574000000954,0.305000007153,0.138999998569,0.691999971867,0.0320000015199,0.0
1710773613051971637,25959,1710773613051562000,,0.405000001192,0.674000024796,0.513000011444,0.305999994278,0.136000007391,0.691999971867,0.0320000015199,0.0
1710773613101895646,25960,1710773613101509603,,0.402000010014,0.677999973297,0.510999977589,0.344000011683,0.142000004649,0.694000005722,0.0320000015199,0.0
1710773613151865697,25961,1710773613151523560,,0.405000001192,0.680000007153,0.444999992847,0.252999991179,0.137999996543,0.695999979973,0.0320000015199,0.0
1710773613201907935,25962,1710773613201538350,,0.398999989033,0.669000029564,0.522000014782,0.254000008106,0.137999996543,0.699999988079,0.0320000015199,0.0
1710773613251893350,25963,1710773613251518505,,0.453999996185,0.674000024796,0.456999987364,0.254000008106,0.135000005364,0.700999975204,0.0320000015199,0.0
1710773613302189444,25964,1710773613301597306,,0.508000016212,0.663999974728,0.460000008345,0.254000008106,0.134000003338,0.702000021935,0.0320000015199,0.0
1710773613351955327,25965,1710773613351488554,,0.509999990463,0.663999974728,0.384000003338,0.252000004053,0.136999994516,0.700999975204,0.0320000015199,0.0
1710773613401948711,25966,1710773613401523969,,0.509000003338,0.661000013351,0.465999990702,0.330000013113,0.136999994516,0.697000026703,0.0320000015199,0.0
1710773613451984803,25967,1710773613451500895,,0.509000003338,0.665000021458,0.465999990702,0.291000008583,0.136000007391,0.689999997616,0.0320000015199,0.0
1710773613502262303,25968,1710773613501510790,,0.509000003338,0.663999974728,0.456999987364,0.291999995708,0.136000007391,0.689999997616,0.0320000015199,0.0
1710773613552115895,25969,1710773613551601518,,0.481000006199,0.660000026226,0.451999992132,0.293999999762,0.138999998569,0.691999971867,0.0320000015199,0.0
1710773613601990528,25970,1710773613601554277,,0.479999989271,0.657000005245,0.524999976158,0.252000004053,0.138999998569,0.699999988079,0.0320000015199,0.0
1710773613652085215,25971,1710773613651598650,,0.53100001812,0.658999979496,0.527000010014,0.28900000453,0.142000004649,0.70300000906,0.0320000015199,0.0
1710773613702040630,25972,1710773613701521930,,0.503000020981,0.660000026226,0.53100001812,0.287999987602,0.137999996543,0.704999983311,0.0320000015199,0.0
1710773613752106618,25973,1710773613751543335,,0.504000008106,0.658999979496,0.526000022888,0.287999987602,0.140000000596,0.700999975204,0.0320000015199,0.0
1710773613802003804,25974,1710773613801589636,,0.504000008106,0.657000005245,0.527999997139,0.287999987602,0.136999994516,0.711000025272,0.0320000015199,0.0
1710773613851958803,25975,1710773613851505363,,0.501999974251,0.652999997139,0.523000001907,0.326000005007,0.137999996543,0.711000025272,0.0320000015199,0.0
1710773613901994791,25976,1710773613901533018,,0.446000009775,0.649999976158,0.518999993801,0.326000005007,0.136000007391,0.711000025272,0.0320000015199,0.0
1710773613951987446,25977,1710773613951554267,,0.446999996901,0.648999989033,0.524999976158,0.287999987602,0.136000007391,0.699999988079,0.0320000015199,0.0
1710773614002010778,25978,1710773614001503119,,0.501999974251,0.639999985695,0.512000024319,0.324000000954,0.134000003338,0.695999979973,0.0320000015199,0.0
1710773614052306717,25979,1710773614051924320,,0.555999994278,0.637000024319,0.513000011444,0.284000009298,0.134000003338,0.695999979973,0.0320000015199,0.0
1710773614101976039,25980,1710773614101504162,,0.56099998951,0.638999998569,0.565999984741,0.287000000477,0.137999996543,0.695999979973,0.0320000015199,0.0
1710773614152062186,25981,1710773614151567549,,0.56099998951,0.639999985695,0.572000026703,0.17499999702,0.140000000596,0.697000026703,0.0320000015199,0.0
1710773614202099479,25982,1710773614201574998,,0.512000024319,0.657999992371,0.64200001955,0.177000001073,0.143000006676,0.691999971867,0.0320000015199,0.0
1710773614252144168,25983,1710773614251625676,,0.512000024319,0.658999979496,0.59399998188,0.172000005841,0.140000000596,0.693000018597,0.0320000015199,0.0
1710773614304417980,25984,1710773614302410940,,0.510999977589,0.665000021458,0.535000026226,0.172999992967,0.137999996543,0.690999984741,0.0320000015199,0.0
1710773614353550946,25985,1710773614351898699,,0.510999977589,0.666999995708,0.526000022888,0.173999994993,0.136000007391,0.694000005722,0.0320000015199,0.0
1710773614403157507,25986,1710773614401966721,,0.46099999547,0.669000029564,0.57800000906,0.21400000155,0.136999994516,0.695999979973,0.0320000015199,0.0
1710773614452391932,25987,1710773614451628283,,0.412000000477,0.665000021458,0.509999990463,0.209999993443,0.134000003338,0.699999988079,0.0320000015199,0.0
1710773614503162197,25988,1710773614501985265,,0.458000004292,0.666000008583,0.508000016212,0.209000006318,0.134000003338,0.699000000954,0.0320000015199,0.0
1710773614553360323,25989,1710773614552141568,,0.508000016212,0.652000010014,0.512000024319,0.207000002265,0.136000007391,0.698000013828,0.0320000015199,0.0
1710773614601874016,25990,1710773614601462347,,0.558000028133,0.646000027657,0.513999998569,0.324000000954,0.136000007391,0.694999992847,0.0320000015199,0.0
1710773614652680322,25991,1710773614651793339,,0.505999982357,0.648000001907,0.504999995232,0.361999988556,0.136999994516,0.691999971867,0.0320000015199,0.0
1710773614701876778,25992,1710773614701497974,,0.507000029087,0.648000001907,0.568000018597,0.365000009537,0.136000007391,0.689999997616,0.0320000015199,0.0
1710773614752420739,25993,1710773614751622923,,0.507000029087,0.65600001812,0.651000022888,0.252999991179,0.137999996543,0.690999984741,0.0320000015199,0.0
1710773614803807985,25994,1710773614802245531,,0.558000028133,0.653999984264,0.666000008583,0.178000003099,0.138999998569,0.68599998951,0.0320000015199,0.0
1710773614852729492,25995,1710773614851665165,,0.560000002384,0.657999992371,0.672999978065,0.178000003099,0.136999994516,0.688000023365,0.0320000015199,0.0
1710773614903158088,25996,1710773614902059073,,0.559000015259,0.649999976158,0.523999989033,0.300000011921,0.137999996543,0.686999976635,0.0320000015199,0.0
1710773614952340481,25997,1710773614951567978,,0.559000015259,0.648999989033,0.52999997139,0.300999999046,0.137999996543,0.689999997616,0.0320000015199,0.0
1710773615002097200,25998,1710773615001503916,,0.60799998045,0.653999984264,0.527000010014,0.298999994993,0.137999996543,0.699000000954,0.0320000015199,0.0
1710773615053333198,25999,1710773615051783347,,0.60799998045,0.660000026226,0.533999979496,0.291999995708,0.137999996543,0.698000013828,0.0320000015199,0.0
1710773615102023091,26000,1710773615101473297,,0.606999993324,0.660000026226,0.532999992371,0.28900000453,0.130999997258,0.698000013828,0.0320000015199,0.0
1710773615152790597,26001,1710773615151790385,,0.558000028133,0.665000021458,0.465999990702,0.328999996185,0.131999999285,0.695999979973,0.0320000015199,0.0
1710773615201904867,26002,1710773615201529762,,0.504999995232,0.67199999094,0.455000013113,0.209999993443,0.136000007391,0.699000000954,0.0320000015199,0.0
1710773615252789509,26003,1710773615251777161,,0.504999995232,0.681999981403,0.451999992132,0.21400000155,0.136000007391,0.695999979973,0.0320000015199,0.0
1710773615303326025,26004,1710773615302072999,,0.556999981403,0.684000015259,0.524999976158,0.177000001073,0.136999994516,0.699000000954,0.0320000015199,0.0
1710773615352678005,26005,1710773615351749980,,0.611000001431,0.679000020027,0.528999984264,0.215000003576,0.133000001311,0.698000013828,0.0320000015199,0.0
1710773615403109989,26006,1710773615401769254,,0.611999988556,0.666000008583,0.598999977112,0.252000004053,0.136999994516,0.695999979973,0.0320000015199,0.0
1710773615452823636,26007,1710773615451924310,,0.561999976635,0.660000026226,0.535000026226,0.363999992609,0.136000007391,0.691999971867,0.0320000015199,0.0
1710773615501916240,26008,1710773615501458373,,0.509000003338,0.653999984264,0.519999980927,0.326000005007,0.136999994516,0.68900001049,0.0320000015199,0.0
1710773615553360832,26009,1710773615551971972,,0.458999991417,0.653999984264,0.505999982357,0.287999987602,0.134000003338,0.691999971867,0.0320000015199,0.0
1710773615601966767,26010,1710773615601468692,,0.456000000238,0.670000016689,0.504999995232,0.172999992967,0.135000005364,0.699000000954,0.0320000015199,0.0
1710773615653283182,26011,1710773615651980468,,0.404000014067,0.671000003815,0.499000012875,0.211999997497,0.137999996543,0.699999988079,0.0320000015199,0.0
1710773615703066934,26012,1710773615702123492,,0.451000005007,0.671000003815,0.437000006437,0.21400000155,0.137999996543,0.699000000954,0.0320000015199,0.0
1710773615753334386,26013,1710773615751873234,,0.504999995232,0.657999992371,0.437999993563,0.250999987125,0.137999996543,0.691999971867,0.0320000015199,0.0
1710773615803394233,26014,1710773615802028862,,0.501999974251,0.653999984264,0.444000005722,0.21400000155,0.137999996543,0.693000018597,0.0320000015199,0.0
1710773615852765327,26015,1710773615851754489,,0.501999974251,0.657999992371,0.507000029087,0.25,0.138999998569,0.691999971867,0.0320000015199,0.0
1710773615903524708,26016,1710773615901973139,,0.446999996901,0.661000013351,0.444000005722,0.248999997973,0.138999998569,0.693000018597,0.0320000015199,0.0
1710773615952431009,26017,1710773615951659287,,0.448000013828,0.67199999094,0.442999988794,0.252999991179,0.138999998569,0.690999984741,0.0320000015199,0.0
1710773616002936430,26018,1710773616001930124,,0.446999996901,0.670000016689,0.381999999285,0.289999991655,0.137999996543,0.691999971867,0.0320000015199,0.0
1710773616053550344,26019,1710773616053024925,,0.397000014782,0.670000016689,0.45300000906,0.291000008583,0.136000007391,0.690999984741,0.0320000015199,0.0
1710773616101923520,26020,1710773616101494820,,0.504999995232,0.657000005245,0.513000011444,0.289999991655,0.134000003338,0.690999984741,0.0320000015199,0.0
1710773616153030873,26021,1710773616152088213,,0.559000015259,0.65600001812,0.587000012398,0.252000004053,0.135000005364,0.691999971867,0.0320000015199,0.0
1710773616201891915,26022,1710773616201538268,,0.559000015259,0.65499997139,0.586000025272,0.173999994993,0.137999996543,0.697000026703,0.0320000015199,0.0
1710773616252412808,26023,1710773616251726034,,0.504999995232,0.662000000477,0.522000014782,0.291999995708,0.137999996543,0.697000026703,0.0320000015199,0.0
1710773616303724486,26024,1710773616301920884,,0.505999982357,0.667999982834,0.583999991417,0.293999999762,0.141000002623,0.697000026703,0.0320000015199,0.0
1710773616352673913,26025,1710773616351920212,,0.505999982357,0.670000016689,0.580999970436,0.333000004292,0.141000002623,0.694999992847,0.0320000015199,0.0
1710773616402715429,26026,1710773616401950686,,0.56099998951,0.663999974728,0.649999976158,0.212999999523,0.143000006676,0.697000026703,0.0320000015199,0.0
1710773616452768768,26027,1710773616451959910,,0.56099998951,0.662999987602,0.583999991417,0.212999999523,0.140000000596,0.698000013828,0.0320000015199,0.0
1710773616502210594,26028,1710773616501627883,,0.610000014305,0.65600001812,0.512000024319,0.212999999523,0.141000002623,0.694999992847,0.0320000015199,0.0
1710773616553305968,26029,1710773616551779191,,0.610000014305,0.657000005245,0.512000024319,0.252000004053,0.137999996543,0.690999984741,0.0320000015199,0.0
1710773616602781388,26030,1710773616601498674,,0.611000001431,0.665000021458,0.577000021935,0.368000000715,0.140000000596,0.690999984741,0.0320000015199,0.0
1710773616652768164,26031,1710773616651934410,,0.611000001431,0.670000016689,0.578999996185,0.330000013113,0.140000000596,0.695999979973,0.0320000015199,0.0
1710773616702482751,26032,1710773616701994207,,0.509999990463,0.670000016689,0.653999984264,0.293000012636,0.140000000596,0.699999988079,0.0320000015199,0.0
1710773616752321922,26033,1710773616751603898,,0.458999991417,0.67199999094,0.661000013351,0.177000001073,0.141000002623,0.695999979973,0.0320000015199,0.0
1710773616803493547,26034,1710773616801953332,,0.458999991417,0.666000008583,0.597999989986,0.215000003576,0.137999996543,0.690999984741,0.0320000015199,0.0
1710773616852554434,26035,1710773616851646774,,0.460000008345,0.670000016689,0.519999980927,0.212999999523,0.137999996543,0.690999984741,0.0320000015199,0.0
1710773616903079702,26036,1710773616901869175,,0.455000013113,0.663999974728,0.442999988794,0.21400000155,0.136999994516,0.695999979973,0.0320000015199,0.0
1710773616952544392,26037,1710773616951595534,,0.405000001192,0.663999974728,0.513000011444,0.17499999702,0.137999996543,0.699999988079,0.0320000015199,0.0
1710773617001867780,26038,1710773617001506528,,0.400999993086,0.660000026226,0.523000001907,0.212999999523,0.137999996543,0.697000026703,0.0320000015199,0.0
1710773617052672634,26039,1710773617051829922,,0.453999996185,0.663999974728,0.59399998188,0.21099999547,0.137999996543,0.697000026703,0.0320000015199,0.0
1710773617102769621,26040,1710773617101552480,,0.451999992132,0.663999974728,0.522000014782,0.211999997497,0.141000002623,0.694999992847,0.0320000015199,0.0
1710773617153348225,26041,1710773617151865979,,0.507000029087,0.665000021458,0.601000010967,0.212999999523,0.142000004649,0.695999979973,0.0320000015199,0.0
1710773617201883278,26042,1710773617201497703,,0.507000029087,0.661000013351,0.537000000477,0.293000012636,0.138999998569,0.703999996185,0.0320000015199,0.0
1710773617252313391,26043,1710773617251645576,,0.556999981403,0.661000013351,0.472000002861,0.291000008583,0.136000007391,0.713999986649,0.0320000015199,0.0
1710773617302716109,26044,1710773617301770844,,0.508000016212,0.662000000477,0.462999999523,0.291000008583,0.135000005364,0.714999973774,0.0320000015199,0.0
1710773617352873773,26045,1710773617351611424,,0.453999996185,0.658999979496,0.521000027657,0.173999994993,0.137999996543,0.716000020504,0.0320000015199,0.0
1710773617402646956,26046,1710773617401871172,,0.40000000596,0.663999974728,0.501999974251,0.215000003576,0.140000000596,0.72000002861,0.0320000015199,0.0
1710773617452351546,26047,1710773617451736074,,0.449000000954,0.666999995708,0.500999987125,0.216000005603,0.136999994516,0.735000014305,0.0320000015199,0.0
1710773617501956395,26048,1710773617501448268,,0.501999974251,0.683000028133,0.497999995947,0.216000005603,0.135000005364,0.726999998093,0.0320000015199,0.0
1710773617553163022,26049,1710773617551966455,,0.555999994278,0.677999973297,0.573000013828,0.177000001073,0.134000003338,0.70300000906,0.0320000015199,0.0
1710773617601974327,26050,1710773617601468231,,0.507000029087,0.677999973297,0.505999982357,0.303999990225,0.134000003338,0.683000028133,0.0320000015199,0.0
1710773617651989282,26051,1710773617651537770,,0.56099998951,0.669000029564,0.513999998569,0.305999994278,0.134000003338,0.694999992847,0.0320000015199,0.0
1710773617701977987,26052,1710773617701538298,,0.507000029087,0.674000024796,0.476000010967,0.344999998808,0.136999994516,0.707000017166,0.0320000015199,0.0
1710773617752017161,26053,1710773617751502941,,0.556999981403,0.690999984741,0.556999981403,0.254000008106,0.137999996543,0.704999983311,0.0320000015199,0.0
1710773617802135190,26054,1710773617801598521,,0.556999981403,0.697000026703,0.549000024796,0.248999997973,0.141000002623,0.72000002861,0.0320000015199,0.0
1710773617852073999,26055,1710773617851544674,,0.508000016212,0.707000017166,0.554000020027,0.21099999547,0.142000004649,0.735000014305,0.0320000015199,0.0
1710773617901891558,26056,1710773617901472702,,0.462000012398,0.709999978542,0.550000011921,0.171000003815,0.141000002623,0.739000022411,0.0320000015199,0.0
1710773617952050264,26057,1710773617951461355,,0.412000000477,0.716000020504,0.628000020981,0.209999993443,0.137999996543,0.728999972343,0.0320000015199,0.0
1710773618001962719,26058,1710773618001504488,,0.411000013351,0.72000002861,0.532000005245,0.286000013351,0.137999996543,0.707000017166,0.0320000015199,0.0
1710773618052187781,26059,1710773618051521789,,0.46099999547,0.709999978542,0.606999993324,0.289999991655,0.135000005364,0.708000004292,0.0320000015199,0.0
1710773618101950602,26060,1710773618101475392,,0.510999977589,0.708999991417,0.526000022888,0.289999991655,0.136999994516,0.705999970436,0.0320000015199,0.0
1710773618152035352,26061,1710773618151529360,,0.508000016212,0.712000012398,0.527999997139,0.28900000453,0.135000005364,0.707000017166,0.0320000015199,0.0
1710773618202054580,26062,1710773618201472390,,0.507000029087,0.695999979973,0.536000013351,0.326000005007,0.136000007391,0.698000013828,0.0320000015199,0.0
1710773618251892818,26063,1710773618251478962,,0.453999996185,0.691999971867,0.606999993324,0.326000005007,0.138999998569,0.698000013828,0.0320000015199,0.0
1710773618301959078,26064,1710773618301493451,,0.505999982357,0.675999999046,0.60900002718,0.326000005007,0.136000007391,0.699999988079,0.0320000015199,0.0
1710773618351819816,26065,1710773618351471898,,0.456999987364,0.679000020027,0.59399998188,0.28900000453,0.135000005364,0.699999988079,0.0320000015199,0.0
1710773618401784356,26066,1710773618401477376,,0.458999991417,0.675999999046,0.523999989033,0.252000004053,0.130999997258,0.695999979973,0.0320000015199,0.0
1710773618451824991,26067,1710773618451495875,,0.458999991417,0.677999973297,0.521000027657,0.212999999523,0.130999997258,0.699000000954,0.0320000015199,0.0
1710773618501777605,26068,1710773618501470468,,0.509999990463,0.674000024796,0.523999989033,0.248999997973,0.134000003338,0.699999988079,0.0320000015199,0.0
1710773618552039803,26069,1710773618551534019,,0.507000029087,0.676999986172,0.518999993801,0.212999999523,0.136999994516,0.704999983311,0.0320000015199,0.0
1710773618602007989,26070,1710773618601502935,,0.507000029087,0.674000024796,0.532000005245,0.21099999547,0.137999996543,0.711000025272,0.0320000015199,0.0
1710773618651939300,26071,1710773618651481746,,0.555000007153,0.67199999094,0.462999999523,0.21099999547,0.138999998569,0.711000025272,0.0320000015199,0.0
1710773618702041914,26072,1710773618701473266,,0.507000029087,0.670000016689,0.547999978065,0.21099999547,0.135000005364,0.711000025272,0.0320000015199,0.0
1710773618751956299,26073,1710773618751477442,,0.453999996185,0.680000007153,0.535000026226,0.250999987125,0.134000003338,0.725000023842,0.0320000015199,0.0
1710773618802038131,26074,1710773618801513025,,0.455000013113,0.702000021935,0.606999993324,0.384999990463,0.134000003338,0.722000002861,0.0320000015199,0.0
1710773618851963870,26075,1710773618851495326,,0.451999992132,0.707000017166,0.597999989986,0.42199999094,0.136999994516,0.722000002861,0.0320000015199,0.0
1710773618901999973,26076,1710773618901518461,,0.507000029087,0.697000026703,0.598999977112,0.421000003815,0.136000007391,0.704999983311,0.0320000015199,0.0
1710773618951976389,26077,1710773618951564251,,0.456999987364,0.694999992847,0.59399998188,0.326000005007,0.137999996543,0.703999996185,0.0320000015199,0.0
1710773619002014992,26078,1710773619001518480,,0.509000003338,0.684000015259,0.589999973774,0.326000005007,0.137999996543,0.704999983311,0.0320000015199,0.0
1710773619052052920,26079,1710773619051503543,,0.512000024319,0.684000015259,0.658999979496,0.326000005007,0.141000002623,0.707000017166,0.0320000015199,0.0
1710773619101881317,26080,1710773619101504805,,0.561999976635,0.68900001049,0.592000007629,0.326000005007,0.140000000596,0.707000017166,0.0320000015199,0.0
1710773619151985496,26081,1710773619151497212,,0.561999976635,0.694000005722,0.523999989033,0.409000009298,0.137999996543,0.708999991417,0.0320000015199,0.0
1710773619202073945,26082,1710773619201515141,,0.612999975681,0.694999992847,0.537999987602,0.335000008345,0.136999994516,0.717999994755,0.0320000015199,0.0
1710773619251969165,26083,1710773619251488590,,0.612999975681,0.688000023365,0.620000004768,0.335000008345,0.138999998569,0.722000002861,0.0320000015199,0.0
1710773619302009020,26084,1710773619301534904,,0.614000022411,0.684000015259,0.550999999046,0.215000003576,0.136000007391,0.723999977112,0.0320000015199,0.0
1710773619351962157,26085,1710773619351471061,,0.563000023365,0.674000024796,0.469000011683,0.216000005603,0.134000003338,0.713999986649,0.0320000015199,0.0
1710773619402073888,26086,1710773619401520448,,0.563000023365,0.675999999046,0.469999998808,0.172999992967,0.130999997258,0.737999975681,0.0320000015199,0.0
1710773619451925096,26087,1710773619451508272,,0.56099998951,0.680999994278,0.546000003815,0.172999992967,0.130999997258,0.736000001431,0.0320000015199,0.0
1710773619501988963,26088,1710773619501522138,,0.512000024319,0.681999981403,0.619000017643,0.173999994993,0.135000005364,0.73299998045,0.0320000015199,0.0
1710773619551995068,26089,1710773619551470951,,0.510999977589,0.679000020027,0.541999995708,0.175999999046,0.135000005364,0.730000019073,0.0320000015199,0.0
1710773619602016642,26090,1710773619601496015,,0.510999977589,0.681999981403,0.472999989986,0.216000005603,0.135000005364,0.709999978542,0.0320000015199,0.0
1710773619652674834,26091,1710773619651886289,,0.560000002384,0.680999994278,0.404000014067,0.252000004053,0.134000003338,0.711000025272,0.0320000015199,0.0
1710773619701997707,26092,1710773619701530153,,0.504000008106,0.680999994278,0.467000007629,0.252000004053,0.138999998569,0.717000007629,0.0320000015199,0.0
1710773619752042927,26093,1710773619751527769,,0.451999992132,0.680999994278,0.532000005245,0.248999997973,0.138999998569,0.722999989986,0.0320000015199,0.0
1710773619801998564,26094,1710773619801481582,,0.397000014782,0.680000007153,0.523000001907,0.209999993443,0.137999996543,0.726999998093,0.0320000015199,0.0
1710773619851938888,26095,1710773619851495552,,0.451999992132,0.680999994278,0.598999977112,0.207000002265,0.136000007391,0.722999989986,0.0320000015199,0.0
1710773619901968587,26096,1710773619901503793,,0.504999995232,0.680999994278,0.602999985218,0.246000006795,0.136000007391,0.713999986649,0.0320000015199,0.0
1710773619952096568,26097,1710773619951571566,,0.560000002384,0.672999978065,0.605000019073,0.286000013351,0.137999996543,0.722000002861,0.0320000015199,0.0
1710773620002037465,26098,1710773620001502306,,0.509000003338,0.671000003815,0.606999993324,0.254000008106,0.138999998569,0.71899998188,0.0320000015199,0.0
1710773620052004666,26099,1710773620051476486,,0.458999991417,0.675999999046,0.532999992371,0.216000005603,0.137999996543,0.722999989986,0.0320000015199,0.0
1710773620102135253,26100,1710773620101518271,,0.46099999547,0.676999986172,0.602999985218,0.298999994993,0.141000002623,0.714999973774,0.0320000015199,0.0
1710773620151918704,26101,1710773620151467920,,0.460000008345,0.694999992847,0.600000023842,0.29699999094,0.143000006676,0.722000002861,0.0320000015199,0.0
1710773620202015489,26102,1710773620201528924,,0.456999987364,0.690999984741,0.600000023842,0.330000013113,0.143999993801,0.739000022411,0.0320000015199,0.0
1710773620251952221,26103,1710773620251472583,,0.456999987364,0.689999997616,0.532999992371,0.331999987364,0.141000002623,0.739000022411,0.0320000015199,0.0
1710773620301953172,26104,1710773620301522702,,0.555000007153,0.694999992847,0.388999998569,0.33599999547,0.136999994516,0.737999975681,0.0320000015199,0.0
1710773620352045791,26105,1710773620351553132,,0.559000015259,0.713999986649,0.46099999547,0.298999994993,0.136999994516,0.745999991894,0.0320000015199,0.0
1710773620402056742,26106,1710773620401545854,,0.559000015259,0.730000019073,0.458000004292,0.215000003576,0.136999994516,0.728999972343,0.0320000015199,0.0
1710773620452006235,26107,1710773620451510139,,0.507000029087,0.708000004292,0.533999979496,0.21400000155,0.135000005364,0.725000023842,0.0320000015199,0.0
1710773620502166510,26108,1710773620501526403,,0.505999982357,0.693000018597,0.458999991417,0.212999999523,0.131999999285,0.716000020504,0.0320000015199,0.0
1710773620551934283,26109,1710773620551542979,,0.453999996185,0.694999992847,0.453999996185,0.175999999046,0.134000003338,0.712000012398,0.0320000015199,0.0
1710773620602074089,26110,1710773620601622733,,0.507000029087,0.680000007153,0.451000005007,0.21400000155,0.136999994516,0.704999983311,0.0320000015199,0.0
1710773620652096707,26111,1710773620651568111,,0.507000029087,0.677999973297,0.449999988079,0.21400000155,0.136999994516,0.708999991417,0.0320000015199,0.0
1710773620701918335,26112,1710773620701489166,,0.561999976635,0.675999999046,0.601000010967,0.250999987125,0.140000000596,0.708000004292,0.0320000015199,0.0
1710773620752016318,26113,1710773620751461993,,0.512000024319,0.677999973297,0.526000022888,0.212999999523,0.136999994516,0.711000025272,0.0320000015199,0.0
1710773620801978936,26114,1710773620801485288,,0.512000024319,0.694999992847,0.598999977112,0.33599999547,0.138999998569,0.72000002861,0.0320000015199,0.0
1710773620851978168,26115,1710773620851534781,,0.509000003338,0.709999978542,0.527000010014,0.298000007868,0.138999998569,0.726000010967,0.0320000015199,0.0
1710773620902122037,26116,1710773620901515316,,0.508000016212,0.722999989986,0.53100001812,0.298999994993,0.136999994516,0.722999989986,0.0320000015199,0.0
1710773620952093717,26117,1710773620951507517,,0.507000029087,0.727999985218,0.53100001812,0.29699999094,0.136000007391,0.713999986649,0.0320000015199,0.0
1710773621002138471,26118,1710773621001456437,,0.559000015259,0.712000012398,0.537999987602,0.250999987125,0.133000001311,0.708999991417,0.0320000015199,0.0
1710773621051899163,26119,1710773621051462963,,0.509999990463,0.694999992847,0.536000013351,0.287000000477,0.133000001311,0.708999991417,0.0320000015199,0.0
1710773621102287670,26120,1710773621101514854,,0.512000024319,0.68900001049,0.537999987602,0.326000005007,0.134000003338,0.709999978542,0.0320000015199,0.0
1710773621152030393,26121,1710773621151561433,,0.462999999523,0.702000021935,0.602999985218,0.326000005007,0.134000003338,0.708000004292,0.0320000015199,0.0
1710773621201988222,26122,1710773621201437021,,0.462999999523,0.722000002861,0.602999985218,0.287000000477,0.136999994516,0.712000012398,0.0320000015199,0.0
1710773621251914956,26123,1710773621251470631,,0.462000012398,0.707000017166,0.680999994278,0.248999997973,0.137999996543,0.726000010967,0.0320000015199,0.0
1710773621302040441,26124,1710773621301455908,,0.560000002384,0.693000018597,0.680000007153,0.211999997497,0.140000000596,0.731000006199,0.0320000015199,0.0
1710773621352068478,26125,1710773621351596133,,0.610000014305,0.690999984741,0.60799998045,0.212999999523,0.137999996543,0.73299998045,0.0320000015199,0.0
1710773621402418288,26126,1710773621401484898,,0.582000017166,0.705999970436,0.598999977112,0.212999999523,0.140000000596,0.713999986649,0.0320000015199,0.0
1710773621451890020,26127,1710773621451467414,,0.580999970436,0.703999996185,0.527000010014,0.25,0.140000000596,0.707000017166,0.0320000015199,0.0
1710773621501881859,26128,1710773621501482013,,0.532000005245,0.686999976635,0.524999976158,0.252000004053,0.141000002623,0.731000006199,0.0320000015199,0.0
1710773621551907917,26129,1710773621551491092,,0.56099998951,0.700999975204,0.527999997139,0.216000005603,0.141000002623,0.736999988556,0.0320000015199,0.0
1710773621601895120,26130,1710773621601441837,,0.512000024319,0.705999970436,0.526000022888,0.181999996305,0.141000002623,0.760999977589,0.0320000015199,0.0
1710773621652079929,26131,1710773621651567062,,0.510999977589,0.726999998093,0.524999976158,0.182999998331,0.141000002623,0.745000004768,0.0320000015199,0.0
1710773621701964319,26132,1710773621701448952,,0.46099999547,0.712999999523,0.523999989033,0.182999998331,0.144999995828,0.745000004768,0.0320000015199,0.0
1710773621751865741,26133,1710773621751498135,,0.510999977589,0.709999978542,0.526000022888,0.181999996305,0.141000002623,0.730000019073,0.0320000015199,0.0
1710773621802126175,26134,1710773621801564714,,0.460000008345,0.670000016689,0.453999996185,0.215000003576,0.141000002623,0.717999994755,0.0320000015199,0.0
1710773621851997649,26135,1710773621851498428,,0.509000003338,0.688000023365,0.381000012159,0.211999997497,0.140000000596,0.716000020504,0.0320000015199,0.0
1710773621901934227,26136,1710773621901447558,,0.504000008106,0.689999997616,0.451999992132,0.211999997497,0.141000002623,0.716000020504,0.0320000015199,0.0
1710773621952137942,26137,1710773621951562575,,0.504000008106,0.712000012398,0.523999989033,0.211999997497,0.140000000596,0.721000015736,0.0320000015199,0.0
1710773622001979832,26138,1710773622001455455,,0.449999988079,0.694000005722,0.527999997139,0.250999987125,0.141000002623,0.740999996662,0.0320000015199,0.0
1710773622052256466,26139,1710773622051567088,,0.501999974251,0.691999971867,0.456000000238,0.252999991179,0.137999996543,0.744000017643,0.0320000015199,0.0
1710773622101852472,26140,1710773622101443147,,0.500999987125,0.671000003815,0.532000005245,0.254000008106,0.138999998569,0.739000022411,0.0320000015199,0.0
1710773622152009626,26141,1710773622151516915,,0.555999994278,0.671000003815,0.603999972343,0.215000003576,0.138999998569,0.727999985218,0.0320000015199,0.0
1710773622201885112,26142,1710773622201450839,,0.507000029087,0.690999984741,0.602999985218,0.250999987125,0.138999998569,0.709999978542,0.0320000015199,0.0
1710773622251953829,26143,1710773622251469712,,0.458000004292,0.690999984741,0.527000010014,0.287000000477,0.138999998569,0.709999978542,0.0320000015199,0.0
1710773622302054524,26144,1710773622301499522,,0.46099999547,0.693000018597,0.528999984264,0.286000013351,0.136000007391,0.712000012398,0.0320000015199,0.0
1710773622351989125,26145,1710773622351503290,,0.509999990463,0.693000018597,0.601000010967,0.25,0.136999994516,0.714999973774,0.0320000015199,0.0
1710773622401968727,26146,1710773622401494246,,0.509000003338,0.675000011921,0.674000024796,0.298999994993,0.136999994516,0.721000015736,0.0320000015199,0.0
1710773622451886192,26147,1710773622451468534,,0.509000003338,0.672999978065,0.601999998093,0.301999986172,0.135000005364,0.723999977112,0.0320000015199,0.0
1710773622502006680,26148,1710773622501492980,,0.411000013351,0.672999978065,0.601999998093,0.338999986649,0.138999998569,0.722999989986,0.0320000015199,0.0
1710773622551919562,26149,1710773622551462529,,0.412000000477,0.672999978065,0.53100001812,0.252000004053,0.137999996543,0.725000023842,0.0320000015199,0.0
1710773622601912080,26150,1710773622601454578,,0.412000000477,0.672999978065,0.605000019073,0.416000008583,0.138999998569,0.711000025272,0.0320000015199,0.0
1710773622651939234,26151,1710773622651475846,,0.409000009298,0.689999997616,0.532999992371,0.414999991655,0.135000005364,0.709999978542,0.0320000015199,0.0
1710773622701936388,26152,1710773622701466021,,0.409000009298,0.712000012398,0.603999972343,0.414999991655,0.140000000596,0.705999970436,0.0320000015199,0.0
1710773622751989062,26153,1710773622751454945,,0.458999991417,0.709999978542,0.528999984264,0.28900000453,0.138999998569,0.704999983311,0.0320000015199,0.0
1710773622803000543,26154,1710773622801907101,,0.458999991417,0.694999992847,0.526000022888,0.28900000453,0.140000000596,0.705999970436,0.0320000015199,0.0
1710773622852551445,26155,1710773622851620972,,0.458000004292,0.675999999046,0.524999976158,0.28900000453,0.137999996543,0.708999991417,0.0320000015199,0.0
1710773622903646989,26156,1710773622901655209,,0.405999988317,0.680000007153,0.451999992132,0.286000013351,0.136000007391,0.711000025272,0.0320000015199,0.0
1710773622952767680,26157,1710773622951821061,,0.458999991417,0.677999973297,0.453999996185,0.286000013351,0.136000007391,0.711000025272,0.0320000015199,0.0
1710773623001719047,26158,1710773623001408421,,0.460000008345,0.691999971867,0.456999987364,0.24699999392,0.136999994516,0.705999970436,0.0320000015199,0.0
1710773623052709541,26159,1710773623051706047,,0.460000008345,0.689999997616,0.52999997139,0.287000000477,0.137999996543,0.707000017166,0.0320000015199,0.0
1710773623101838984,26160,1710773623101464764,,0.458999991417,0.708000004292,0.52999997139,0.287000000477,0.137999996543,0.707000017166,0.0320000015199,0.0
1710773623152617341,26161,1710773623151709004,,0.509000003338,0.714999973774,0.456000000238,0.326000005007,0.136000007391,0.708999991417,0.0320000015199,0.0
1710773623203087312,26162,1710773623201704233,,0.559000015259,0.716000020504,0.379000008106,0.375,0.136999994516,0.726999998093,0.0320000015199,0.0
1710773623252222016,26163,1710773623251545294,,0.558000028133,0.698000013828,0.377000004053,0.338999986649,0.138999998569,0.731999993324,0.0320000015199,0.0
1710773623303513188,26164,1710773623302383339,,0.555999994278,0.690999984741,0.451999992132,0.338999986649,0.138999998569,0.73299998045,0.0320000015199,0.0
1710773623352856278,26165,1710773623351759606,,0.507000029087,0.674000024796,0.527000010014,0.375999987125,0.138999998569,0.717999994755,0.0320000015199,0.0
1710773623402912965,26166,1710773623401786085,,0.505999982357,0.677999973297,0.600000023842,0.289999991655,0.138999998569,0.712999999523,0.0320000015199,0.0
1710773623452644755,26167,1710773623451784022,,0.509999990463,0.676999986172,0.528999984264,0.289999991655,0.138999998569,0.711000025272,0.0320000015199,0.0
1710773623501936439,26168,1710773623501411384,,0.558000028133,0.676999986172,0.528999984264,0.25,0.140000000596,0.709999978542,0.0320000015199,0.0
1710773623553033599,26169,1710773623552325367,,0.505999982357,0.690999984741,0.456000000238,0.25,0.141000002623,0.709999978542,0.0320000015199,0.0
1710773623601819395,26170,1710773623601460488,,0.555000007153,0.707000017166,0.528999984264,0.286000013351,0.138999998569,0.708999991417,0.0320000015199,0.0
1710773623652428325,26171,1710773623651839260,,0.555000007153,0.709999978542,0.52999997139,0.28900000453,0.136000007391,0.709999978542,0.0320000015199,0.0
1710773623701666675,26172,1710773623701390372,,0.556999981403,0.694999992847,0.60799998045,0.28900000453,0.136999994516,0.712000012398,0.0320000015199,0.0
1710773623752194354,26173,1710773623751558934,,0.556999981403,0.695999979973,0.60799998045,0.252999991179,0.138999998569,0.709999978542,0.0320000015199,0.0
1710773623803143337,26174,1710773623802167759,,0.556999981403,0.676999986172,0.535000026226,0.252999991179,0.142000004649,0.711000025272,0.0320000015199,0.0
1710773623852604761,26175,1710773623851613090,,0.559000015259,0.675999999046,0.535000026226,0.337000012398,0.141000002623,0.723999977112,0.0320000015199,0.0
1710773623903397389,26176,1710773623901969362,,0.559000015259,0.675999999046,0.52999997139,0.333000004292,0.140000000596,0.726999998093,0.0320000015199,0.0
1710773623952217925,26177,1710773623951543859,,0.559000015259,0.675000011921,0.601999998093,0.370000004768,0.140000000596,0.727999985218,0.0320000015199,0.0
1710773624002841021,26178,1710773624001804454,,0.60799998045,0.675000011921,0.52999997139,0.248999997973,0.136999994516,0.730000019073,0.0320000015199,0.0
1710773624053419900,26179,1710773624051985623,,0.559000015259,0.694000005722,0.53100001812,0.250999987125,0.136000007391,0.731000006199,0.0320000015199,0.0
1710773624102142417,26180,1710773624101565591,,0.559000015259,0.697000026703,0.45300000906,0.25,0.135000005364,0.728999972343,0.0320000015199,0.0
1710773624151937542,26181,1710773624151511759,,0.559000015259,0.694999992847,0.449999988079,0.287000000477,0.136999994516,0.712999999523,0.0320000015199,0.0
1710773624201889804,26182,1710773624201448500,,0.60900002718,0.676999986172,0.375999987125,0.256000012159,0.136999994516,0.704999983311,0.0320000015199,0.0
1710773624252023317,26183,1710773624251463054,,0.610000014305,0.675999999046,0.458000004292,0.217999994755,0.136000007391,0.699999988079,0.0320000015199,0.0
1710773624302041099,26184,1710773624301510993,,0.561999976635,0.677999973297,0.616999983788,0.307999998331,0.135000005364,0.703999996185,0.0320000015199,0.0
1710773624351850236,26185,1710773624351464869,,0.561999976635,0.679000020027,0.617999970913,0.303999990225,0.135000005364,0.712000012398,0.0320000015199,0.0
1710773624401901456,26186,1710773624401510829,,0.561999976635,0.704999983311,0.611999988556,0.338999986649,0.135000005364,0.722000002861,0.0320000015199,0.0
1710773624451945958,26187,1710773624451469550,,0.561999976635,0.707000017166,0.537000000477,0.21400000155,0.135000005364,0.717999994755,0.0320000015199,0.0
1710773624502029575,26188,1710773624501538687,,0.611999988556,0.704999983311,0.52999997139,0.212999999523,0.134000003338,0.712000012398,0.0320000015199,0.0
1710773624552167618,26189,1710773624551601887,,0.611000001431,0.699000000954,0.456999987364,0.17499999702,0.136000007391,0.712999999523,0.0320000015199,0.0
1710773624601877327,26190,1710773624601467950,,0.56099998951,0.698000013828,0.449999988079,0.211999997497,0.136000007391,0.709999978542,0.0320000015199,0.0
1710773624652111257,26191,1710773624651586931,,0.56099998951,0.698000013828,0.458999991417,0.337000012398,0.135000005364,0.712999999523,0.0320000015199,0.0
1710773624702074456,26192,1710773624701508047,,0.561999976635,0.68900001049,0.523000001907,0.337999999523,0.137999996543,0.709999978542,0.0320000015199,0.0
1710773624751932967,26193,1710773624751468955,,0.611000001431,0.686999976635,0.592999994755,0.375999987125,0.141000002623,0.725000023842,0.0320000015199,0.0
1710773624801977782,26194,1710773624801509082,,0.611000001431,0.67199999094,0.592999994755,0.340000003576,0.143000006676,0.726999998093,0.0320000015199,0.0
1710773624851940096,26195,1710773624851474312,,0.560000002384,0.674000024796,0.59500002861,0.337000012398,0.143000006676,0.726999998093,0.0320000015199,0.0
1710773624901902618,26196,1710773624901481053,,0.560000002384,0.675000011921,0.528999984264,0.337000012398,0.138999998569,0.713999986649,0.0320000015199,0.0
1710773624951950140,26197,1710773624951479201,,0.509000003338,0.690999984741,0.527999997139,0.248999997973,0.136999994516,0.714999973774,0.0320000015199,0.0
1710773625001966673,26198,1710773625001464223,,0.505999982357,0.711000025272,0.527000010014,0.250999987125,0.136999994516,0.730000019073,0.0320000015199,0.0
1710773625052071959,26199,1710773625051591384,,0.451999992132,0.713999986649,0.527000010014,0.211999997497,0.140000000596,0.73400002718,0.0320000015199,0.0
1710773625101944535,26200,1710773625101461980,,0.451000005007,0.704999983311,0.526000022888,0.172999992967,0.142000004649,0.728999972343,0.0320000015199,0.0
1710773625152066695,26201,1710773625151528047,,0.451000005007,0.723999977112,0.45300000906,0.209999993443,0.142000004649,0.712000012398,0.0320000015199,0.0
1710773625201908594,26202,1710773625201480936,,0.505999982357,0.70300000906,0.523999989033,0.331000000238,0.142000004649,0.708999991417,0.0320000015199,0.0
1710773625252022630,26203,1710773625251535075,,0.449999988079,0.709999978542,0.59399998188,0.331999987364,0.142000004649,0.711000025272,0.0320000015199,0.0
1710773625302062342,26204,1710773625301544162,,0.507000029087,0.703999996185,0.579999983311,0.331999987364,0.138999998569,0.711000025272,0.0320000015199,0.0
1710773625351942001,26205,1710773625351467676,,0.504999995232,0.72000002861,0.579999983311,0.333000004292,0.138999998569,0.712000012398,0.0320000015199,0.0
1710773625402112131,26206,1710773625401497701,,0.560000002384,0.70300000906,0.495000004768,0.25,0.141000002623,0.708999991417,0.0320000015199,0.0
1710773625452024551,26207,1710773625451536319,,0.559000015259,0.707000017166,0.497000008821,0.211999997497,0.138999998569,0.708000004292,0.0320000015199,0.0
1710773625501963221,26208,1710773625501467593,,0.507000029087,0.699000000954,0.439999997616,0.247999995947,0.136000007391,0.70300000906,0.0320000015199,0.0
1710773625552123402,26209,1710773625551550066,,0.455000013113,0.699999988079,0.527000010014,0.252999991179,0.134000003338,0.709999978542,0.0320000015199,0.0
1710773625602004520,26210,1710773625601510403,,0.455000013113,0.68599998951,0.455000013113,0.250999987125,0.134000003338,0.712999999523,0.0320000015199,0.0
1710773625652089180,26211,1710773625651539907,,0.504999995232,0.691999971867,0.455000013113,0.250999987125,0.135000005364,0.71899998188,0.0320000015199,0.0
1710773625702012434,26212,1710773625701505973,,0.554000020027,0.693000018597,0.381999999285,0.286000013351,0.135000005364,0.713999986649,0.0320000015199,0.0
1710773625751964750,26213,1710773625751491310,,0.5,0.694000005722,0.455000013113,0.326000005007,0.134000003338,0.712000012398,0.0320000015199,0.0
1710773625801967170,26214,1710773625801489928,,0.446999996901,0.697000026703,0.524999976158,0.287000000477,0.136000007391,0.705999970436,0.0320000015199,0.0
1710773625851967195,26215,1710773625851477296,,0.500999987125,0.694000005722,0.596000015736,0.25,0.137999996543,0.712000012398,0.0320000015199,0.0
1710773625902034251,26216,1710773625901487581,,0.554000020027,0.693000018597,0.602999985218,0.212999999523,0.140000000596,0.717999994755,0.0320000015199,0.0
1710773625951969796,26217,1710773625951488127,,0.555000007153,0.712999999523,0.532999992371,0.17499999702,0.140000000596,0.722000002861,0.0320000015199,0.0
1710773626002016800,26218,1710773626001517214,,0.555999994278,0.689999997616,0.536000013351,0.252000004053,0.138999998569,0.717000007629,0.0320000015199,0.0
1710773626052217348,26219,1710773626051880055,,0.556999981403,0.689999997616,0.601000010967,0.28900000453,0.142000004649,0.709999978542,0.0320000015199,0.0
1710773626101946540,26220,1710773626101475392,,0.500999987125,0.670000016689,0.67199999094,0.326000005007,0.136999994516,0.708000004292,0.0320000015199,0.0
1710773626153073760,26221,1710773626151697816,,0.446999996901,0.671000003815,0.67199999094,0.411000013351,0.137999996543,0.708000004292,0.0320000015199,0.0
1710773626201868729,26222,1710773626201456800,,0.446999996901,0.674000024796,0.600000023842,0.372999995947,0.135000005364,0.714999973774,0.0320000015199,0.0
1710773626253010271,26223,1710773626251577087,,0.501999974251,0.683000028133,0.527999997139,0.33599999547,0.137999996543,0.714999973774,0.0320000015199,0.0
1710773626303053683,26224,1710773626302082377,,0.56099998951,0.691999971867,0.456999987364,0.212999999523,0.137999996543,0.714999973774,0.0320000015199,0.0
1710773626352442613,26225,1710773626351609641,,0.507000029087,0.693000018597,0.453999996185,0.212999999523,0.137999996543,0.713999986649,0.0320000015199,0.0
1710773626403334467,26226,1710773626401862377,,0.507000029087,0.690999984741,0.524999976158,0.331999987364,0.135000005364,0.708000004292,0.0320000015199,0.0
1710773626452176468,26227,1710773626451554225,,0.507000029087,0.683000028133,0.512000024319,0.333000004292,0.137999996543,0.709999978542,0.0320000015199,0.0
1710773626502541079,26228,1710773626501703576,,0.456000000238,0.680000007153,0.43900001049,0.296000003815,0.136000007391,0.712000012398,0.0320000015199,0.0
1710773626552916681,26229,1710773626551710790,,0.455000013113,0.694000005722,0.352999985218,0.335000008345,0.136999994516,0.712000012398,0.0320000015199,0.0
1710773626601846078,26230,1710773626601469149,,0.455000013113,0.695999979973,0.365000009537,0.252999991179,0.134000003338,0.709999978542,0.0320000015199,0.0
1710773626652628400,26231,1710773626651735114,,0.456999987364,0.709999978542,0.351999998093,0.28900000453,0.136000007391,0.712000012398,0.0320000015199,0.0
1710773626701967069,26232,1710773626701450192,,0.509999990463,0.688000023365,0.43599998951,0.370999991894,0.136999994516,0.709999978542,0.0320000015199,0.0
1710773626752148086,26233,1710773626751607563,,0.509999990463,0.686999976635,0.507000029087,0.370999991894,0.137999996543,0.709999978542,0.0320000015199,0.0
1710773626803923746,26234,1710773626802376760,,0.559000015259,0.68599998951,0.523000001907,0.370999991894,0.136000007391,0.708999991417,0.0320000015199,0.0
1710773626852025483,26235,1710773626851484647,,0.559000015259,0.686999976635,0.524999976158,0.28900000453,0.136000007391,0.709999978542,0.0320000015199,0.0
1710773626902463949,26236,1710773626901741081,,0.504000008106,0.699000000954,0.510999977589,0.370000004768,0.141000002623,0.711000025272,0.0320000015199,0.0
1710773626952370954,26237,1710773626951614649,,0.504999995232,0.688000023365,0.509000003338,0.331999987364,0.143000006676,0.713999986649,0.0320000015199,0.0
1710773627002039730,26238,1710773627001444883,,0.504999995232,0.677999973297,0.43900001049,0.331000000238,0.140000000596,0.726000010967,0.0320000015199,0.0
1710773627052997575,26239,1710773627051837726,,0.503000020981,0.666999995708,0.518000006676,0.21400000155,0.141000002623,0.726999998093,0.0320000015199,0.0
1710773627101707963,26240,1710773627101345305,,0.505999982357,0.669000029564,0.446999996901,0.252999991179,0.137999996543,0.725000023842,0.0320000015199,0.0
1710773627152578048,26241,1710773627151679241,,0.455000013113,0.667999982834,0.514999985695,0.216000005603,0.140000000596,0.723999977112,0.0320000015199,0.0
1710773627202472555,26242,1710773627201426092,,0.505999982357,0.681999981403,0.51700001955,0.28900000453,0.137999996543,0.708000004292,0.0320000015199,0.0
1710773627252121332,26243,1710773627251517163,,0.556999981403,0.680000007153,0.601999998093,0.28900000453,0.140000000596,0.708999991417,0.0320000015199,0.0
1710773627302186830,26244,1710773627301554952,,0.60799998045,0.681999981403,0.670000016689,0.28900000453,0.136999994516,0.708000004292,0.0320000015199,0.0
1710773627352731705,26245,1710773627351509929,,0.60799998045,0.690999984741,0.587000012398,0.28900000453,0.137999996543,0.705999970436,0.0320000015199,0.0
1710773627401982512,26246,1710773627401429905,,0.60799998045,0.679000020027,0.504999995232,0.28900000453,0.135000005364,0.705999970436,0.0320000015199,0.0
1710773627453225984,26247,1710773627452156708,,0.60799998045,0.680999994278,0.432999998331,0.326000005007,0.136999994516,0.708000004292,0.0320000015199,0.0
1710773627503184815,26248,1710773627501517932,,0.509999990463,0.67199999094,0.374000012875,0.286000013351,0.135000005364,0.711000025272,0.0320000015199,0.0
1710773627552872342,26249,1710773627551685722,,0.46099999547,0.670000016689,0.442000001669,0.246000006795,0.134000003338,0.712999999523,0.0320000015199,0.0
1710773627601859397,26250,1710773627601354395,,0.411000013351,0.671000003815,0.430000007153,0.208000004292,0.131999999285,0.714999973774,0.0320000015199,0.0
1710773627652170105,26251,1710773627651492654,,0.407000005245,0.680000007153,0.430999994278,0.211999997497,0.131999999285,0.716000020504,0.0320000015199,0.0
1710773627702304718,26252,1710773627701685756,,0.456000000238,0.694000005722,0.428999990225,0.215000003576,0.136000007391,0.716000020504,0.0320000015199,0.0
1710773627752611102,26253,1710773627751510420,,0.507000029087,0.698000013828,0.442999988794,0.215000003576,0.136000007391,0.713999986649,0.0320000015199,0.0
1710773627802802746,26254,1710773627801914930,,0.510999977589,0.699999988079,0.439999997616,0.28900000453,0.137999996543,0.711000025272,0.0320000015199,0.0
1710773627852020167,26255,1710773627851462665,,0.510999977589,0.688000023365,0.43900001049,0.286000013351,0.136999994516,0.709999978542,0.0320000015199,0.0
1710773627902806606,26256,1710773627901731497,,0.458999991417,0.691999971867,0.451000005007,0.286000013351,0.130999997258,0.711000025272,0.0320000015199,0.0
1710773627952270747,26257,1710773627951520327,,0.458999991417,0.698000013828,0.456000000238,0.25,0.130999997258,0.716000020504,0.0320000015199,0.0
1710773628001881087,26258,1710773628001410407,,0.508000016212,0.699999988079,0.38299998641,0.289999991655,0.134000003338,0.713999986649,0.0320000015199,0.0
1710773628052145025,26259,1710773628051546585,,0.509000003338,0.70300000906,0.456999987364,0.25,0.136999994516,0.712000012398,0.0320000015199,0.0
1710773628101837711,26260,1710773628101403542,,0.458999991417,0.705999970436,0.524999976158,0.248999997973,0.138999998569,0.708999991417,0.0320000015199,0.0
1710773628152086858,26261,1710773628151527688,,0.458999991417,0.707000017166,0.597000002861,0.211999997497,0.137999996543,0.722999989986,0.0320000015199,0.0
1710773628202997570,26262,1710773628201709543,,0.456999987364,0.685000002384,0.524999976158,0.419999986887,0.136999994516,0.722000002861,0.0320000015199,0.0
1710773628251859991,26263,1710773628251406187,,0.505999982357,0.679000020027,0.527999997139,0.418999999762,0.141000002623,0.721000015736,0.0320000015199,0.0
1710773628303218050,26264,1710773628302237159,,0.451000005007,0.680000007153,0.533999979496,0.456000000238,0.138999998569,0.704999983311,0.0320000015199,0.0
1710773628352198336,26265,1710773628351540156,,0.455000013113,0.693000018597,0.615000009537,0.372000008821,0.138999998569,0.705999970436,0.0320000015199,0.0
1710773628403007329,26266,1710773628401534249,,0.404000014067,0.697000026703,0.611000001431,0.414999991655,0.138999998569,0.709999978542,0.0320000015199,0.0
1710773628452115533,26267,1710773628451510686,,0.456999987364,0.704999983311,0.537000000477,0.379000008106,0.138999998569,0.712999999523,0.0320000015199,0.0
1710773628501825771,26268,1710773628501351237,,0.556999981403,0.694000005722,0.532000005245,0.338999986649,0.138999998569,0.713999986649,0.0320000015199,0.0
1710773628552438826,26269,1710773628551620488,,0.554000020027,0.689999997616,0.460000008345,0.212999999523,0.136000007391,0.712999999523,0.0320000015199,0.0
1710773628601879739,26270,1710773628601353070,,0.555000007153,0.680999994278,0.532000005245,0.211999997497,0.136999994516,0.708000004292,0.0320000015199,0.0
1710773628652251282,26271,1710773628651526643,,0.555999994278,0.679000020027,0.601999998093,0.252000004053,0.140000000596,0.708000004292,0.0320000015199,0.0
1710773628701894176,26272,1710773628701383236,,0.561999976635,0.679000020027,0.52999997139,0.250999987125,0.141000002623,0.705999970436,0.0320000015199,0.0
1710773628752159677,26273,1710773628751553320,,0.56099998951,0.691999971867,0.537000000477,0.252000004053,0.141000002623,0.707000017166,0.0320000015199,0.0
1710773628803691955,26274,1710773628802151427,,0.509000003338,0.698000013828,0.541999995708,0.252000004053,0.140000000596,0.702000021935,0.0320000015199,0.0
1710773628852109687,26275,1710773628851540882,,0.509000003338,0.699000000954,0.612999975681,0.287999987602,0.142000004649,0.708000004292,0.0320000015199,0.0
1710773628903125452,26276,1710773628901935498,,0.451999992132,0.702000021935,0.606000006199,0.326000005007,0.137999996543,0.708999991417,0.0320000015199,0.0
1710773628953059076,26277,1710773628951569017,,0.449000000954,0.700999975204,0.523999989033,0.291000008583,0.138999998569,0.713999986649,0.0320000015199,0.0
1710773629002030717,26278,1710773629001392745,,0.395999997854,0.703999996185,0.449000000954,0.252999991179,0.138999998569,0.714999973774,0.0320000015199,0.0
1710773629052611273,26279,1710773629051627675,,0.449999988079,0.705999970436,0.521000027657,0.215000003576,0.143000006676,0.722000002861,0.0320000015199,0.0
1710773629101823282,26280,1710773629101349581,,0.509000003338,0.707000017166,0.527000010014,0.211999997497,0.140000000596,0.71899998188,0.0320000015199,0.0
1710773629152856341,26281,1710773629151727168,,0.56099998951,0.705999970436,0.603999972343,0.17499999702,0.137999996543,0.714999973774,0.0320000015199,0.0
1710773629201880275,26282,1710773629201559805,,0.560000002384,0.688000023365,0.533999979496,0.250999987125,0.134000003338,0.711000025272,0.0320000015199,0.0
1710773629252127809,26283,1710773629251595723,,0.559000015259,0.688000023365,0.532999992371,0.25,0.133000001311,0.70300000906,0.0320000015199,0.0
1710773629302832742,26284,1710773629301891748,,0.504999995232,0.688000023365,0.441000014544,0.247999995947,0.133000001311,0.695999979973,0.0320000015199,0.0
1710773629352494856,26285,1710773629351631154,,0.455000013113,0.694000005722,0.509999990463,0.247999995947,0.135000005364,0.694999992847,0.0320000015199,0.0
1710773629402981767,26286,1710773629401947179,,0.455000013113,0.694000005722,0.510999977589,0.33599999547,0.135000005364,0.695999979973,0.0320000015199,0.0
1710773629452564194,26287,1710773629451873357,,0.455000013113,0.681999981403,0.437999993563,0.374000012875,0.136000007391,0.703999996185,0.0320000015199,0.0
1710773629502175527,26288,1710773629501380836,,0.505999982357,0.675000011921,0.375,0.335000008345,0.135000005364,0.700999975204,0.0320000015199,0.0
1710773629552251133,26289,1710773629551613839,,0.456999987364,0.672999978065,0.448000013828,0.337000012398,0.136999994516,0.711000025272,0.0320000015199,0.0
1710773629603339349,26290,1710773629601738195,,0.509999990463,0.684000015259,0.523000001907,0.17499999702,0.136999994516,0.712000012398,0.0320000015199,0.0
1710773629652462190,26291,1710773629651864791,,0.563000023365,0.684000015259,0.524999976158,0.17499999702,0.136999994516,0.711000025272,0.0320000015199,0.0
1710773629702052325,26292,1710773629701459197,,0.56099998951,0.684000015259,0.456000000238,0.212999999523,0.136999994516,0.716000020504,0.0320000015199,0.0
1710773629753191635,26293,1710773629751793815,,0.510999977589,0.68599998951,0.381000012159,0.215000003576,0.137999996543,0.713999986649,0.0320000015199,0.0
1710773629803061407,26294,1710773629802080725,,0.510999977589,0.67199999094,0.379000008106,0.337999999523,0.140000000596,0.716000020504,0.0320000015199,0.0
1710773629852131383,26295,1710773629851626954,,0.458000004292,0.67199999094,0.458000004292,0.300000011921,0.140000000596,0.709999978542,0.0320000015199,0.0
1710773629902910066,26296,1710773629902006520,,0.451000005007,0.670000016689,0.456999987364,0.298000007868,0.137999996543,0.708999991417,0.0320000015199,0.0
1710773629952337961,26297,1710773629951784468,,0.398999989033,0.671000003815,0.528999984264,0.17499999702,0.136000007391,0.723999977112,0.0320000015199,0.0
1710773630001827731,26298,1710773630001381531,,0.404000014067,0.677999973297,0.521000027657,0.175999999046,0.136999994516,0.726999998093,0.0320000015199,0.0
1710773630052155788,26299,1710773630051607088,,0.402999997139,0.677999973297,0.59399998188,0.215000003576,0.138999998569,0.739000022411,0.0320000015199,0.0
1710773630102665253,26300,1710773630101419882,,0.505999982357,0.677999973297,0.59500002861,0.333999991417,0.138999998569,0.723999977112,0.0320000015199,0.0
1710773630152648205,26301,1710773630151616116,,0.505999982357,0.68599998951,0.597000002861,0.335000008345,0.140000000596,0.726000010967,0.0320000015199,0.0
1710773630202220425,26302,1710773630201412036,,0.505999982357,0.712999999523,0.527999997139,0.294999986887,0.136999994516,0.73299998045,0.0320000015199,0.0
1710773630252268690,26303,1710773630251594572,,0.505999982357,0.712000012398,0.460000008345,0.211999997497,0.134000003338,0.735000014305,0.0320000015199,0.0
1710773630304091859,26304,1710773630301952161,,0.555000007153,0.699000000954,0.549000024796,0.209000006318,0.134000003338,0.728999972343,0.0320000015199,0.0
1710773630352595533,26305,1710773630351793550,,0.60799998045,0.688000023365,0.620000004768,0.209999993443,0.134000003338,0.716000020504,0.0320000015199,0.0
1710773630403180258,26306,1710773630401840252,,0.560000002384,0.675000011921,0.614000022411,0.209999993443,0.136000007391,0.708999991417,0.0320000015199,0.0
1710773630453219981,26307,1710773630452130028,,0.509000003338,0.689999997616,0.605000019073,0.21400000155,0.137999996543,0.711000025272,0.0320000015199,0.0
1710773630502063136,26308,1710773630501450008,,0.45300000906,0.68599998951,0.448000013828,0.252000004053,0.136999994516,0.717999994755,0.0320000015199,0.0
1710773630552890727,26309,1710773630551904003,,0.503000020981,0.700999975204,0.523999989033,0.252999991179,0.137999996543,0.726000010967,0.0320000015199,0.0
1710773630602026904,26310,1710773630601465599,,0.504999995232,0.68599998951,0.527000010014,0.248999997973,0.137999996543,0.722999989986,0.0320000015199,0.0
1710773630652736474,26311,1710773630651787980,,0.560000002384,0.68599998951,0.527999997139,0.21400000155,0.137999996543,0.714999973774,0.0320000015199,0.0
1710773630702136246,26312,1710773630701420409,,0.505999982357,0.68599998951,0.523999989033,0.252000004053,0.136999994516,0.708999991417,0.0320000015199,0.0
1710773630752709200,26313,1710773630751750237,,0.554000020027,0.699000000954,0.458999991417,0.291000008583,0.134000003338,0.699000000954,0.0320000015199,0.0
1710773630803348301,26314,1710773630801673553,,0.505999982357,0.726999998093,0.532999992371,0.326000005007,0.136000007391,0.702000021935,0.0320000015199,0.0
1710773630852453332,26315,1710773630851807131,,0.509000003338,0.726000010967,0.536000013351,0.326000005007,0.136000007391,0.70300000906,0.0320000015199,0.0
1710773630902665555,26316,1710773630901858885,,0.460000008345,0.712000012398,0.524999976158,0.287000000477,0.141000002623,0.702000021935,0.0320000015199,0.0
1710773630953168874,26317,1710773630951949546,,0.458000004292,0.699000000954,0.523000001907,0.25,0.140000000596,0.704999983311,0.0320000015199,0.0
1710773631002626771,26318,1710773631001322026,,0.458999991417,0.685000002384,0.59500002861,0.21099999547,0.141000002623,0.709999978542,0.0320000015199,0.0
1710773631052641236,26319,1710773631051701648,,0.458999991417,0.685000002384,0.59500002861,0.25,0.141000002623,0.714999973774,0.0320000015199,0.0
1710773631101763144,26320,1710773631101361215,,0.458000004292,0.68599998951,0.601000010967,0.24699999392,0.138999998569,0.707000017166,0.0320000015199,0.0
1710773631152676467,26321,1710773631151666410,,0.508000016212,0.67199999094,0.601000010967,0.208000004292,0.140000000596,0.708000004292,0.0320000015199,0.0
1710773631202906401,26322,1710773631201785094,,0.503000020981,0.688000023365,0.600000023842,0.172999992967,0.138999998569,0.693000018597,0.0320000015199,0.0
1710773631252586854,26323,1710773631251721433,,0.449999988079,0.688000023365,0.672999978065,0.172999992967,0.137999996543,0.689999997616,0.0320000015199,0.0
1710773631302916788,26324,1710773631301653188,,0.453999996185,0.688000023365,0.538999974728,0.172000005841,0.134000003338,0.677999973297,0.0320000015199,0.0
1710773631352593282,26325,1710773631351547965,,0.45300000906,0.68900001049,0.537999987602,0.21099999547,0.135000005364,0.68599998951,0.0320000015199,0.0
1710773631402287537,26326,1710773631401651440,,0.504999995232,0.674000024796,0.465000003576,0.24699999392,0.135000005364,0.703999996185,0.0320000015199,0.0
1710773631454010603,26327,1710773631451910072,,0.500999987125,0.681999981403,0.46099999547,0.287000000477,0.136999994516,0.704999983311,0.0320000015199,0.0
1710773631502228757,26328,1710773631501312138,,0.507000029087,0.684000015259,0.46099999547,0.25,0.135000005364,0.708999991417,0.0320000015199,0.0
1710773631553050517,26329,1710773631552079158,,0.507000029087,0.698000013828,0.458000004292,0.212999999523,0.135000005364,0.713999986649,0.0320000015199,0.0
1710773631601932372,26330,1710773631601357369,,0.559000015259,0.690999984741,0.458000004292,0.212999999523,0.133000001311,0.726000010967,0.0320000015199,0.0
1710773631652173973,26331,1710773631651705377,,0.60799998045,0.68900001049,0.458000004292,0.333999991417,0.136000007391,0.71899998188,0.0320000015199,0.0
1710773631702617189,26332,1710773631701678643,,0.60900002718,0.674000024796,0.460000008345,0.331999987364,0.136999994516,0.71899998188,0.0320000015199,0.0
1710773631752680560,26333,1710773631751715347,,0.560000002384,0.672999978065,0.53100001812,0.331999987364,0.140000000596,0.72000002861,0.0320000015199,0.0
1710773631802968099,26334,1710773631801855854,,0.505999982357,0.700999975204,0.603999972343,0.211999997497,0.137999996543,0.717999994755,0.0320000015199,0.0
1710773631853231263,26335,1710773631851795422,,0.451999992132,0.703999996185,0.674000024796,0.212999999523,0.137999996543,0.714999973774,0.0320000015199,0.0
1710773631901709938,26336,1710773631901361707,,0.448000013828,0.704999983311,0.674000024796,0.177000001073,0.134000003338,0.717000007629,0.0320000015199,0.0
1710773631953078211,26337,1710773631951796955,,0.448000013828,0.707000017166,0.672999978065,0.215000003576,0.136000007391,0.716000020504,0.0320000015199,0.0
1710773632001657773,26338,1710773632001345323,,0.451000005007,0.68900001049,0.596000015736,0.377000004053,0.138999998569,0.71899998188,0.0320000015199,0.0
1710773632052571931,26339,1710773632051839219,,0.504999995232,0.68900001049,0.523999989033,0.495999991894,0.142000004649,0.717000007629,0.0320000015199,0.0
1710773632101666550,26340,1710773632101363684,,0.509000003338,0.672999978065,0.449999988079,0.456999987364,0.143000006676,0.717999994755,0.0320000015199,0.0
1710773632153322014,26341,1710773632151846798,,0.561999976635,0.671000003815,0.526000022888,0.416999995708,0.143000006676,0.72000002861,0.0320000015199,0.0
1710773632202959447,26342,1710773632201797775,,0.56099998951,0.670000016689,0.598999977112,0.170000001788,0.141000002623,0.721000015736,0.0320000015199,0.0
1710773632252973445,26343,1710773632251758127,,0.560000002384,0.67199999094,0.598999977112,0.209000006318,0.137999996543,0.71899998188,0.0320000015199,0.0
1710773632302571035,26344,1710773632301575561,,0.559000015259,0.67199999094,0.598999977112,0.209999993443,0.136999994516,0.717000007629,0.0320000015199,0.0
1710773632353000035,26345,1710773632351804404,,0.505999982357,0.67199999094,0.521000027657,0.21099999547,0.136999994516,0.717000007629,0.0320000015199,0.0
1710773632402175851,26346,1710773632401640744,,0.456999987364,0.671000003815,0.448000013828,0.209999993443,0.136999994516,0.717999994755,0.0320000015199,0.0
1710773632453094385,26347,1710773632451854899,,0.456999987364,0.679000020027,0.446000009775,0.212999999523,0.137999996543,0.717000007629,0.0320000015199,0.0
1710773632502566088,26348,1710773632501331082,,0.56099998951,0.680000007153,0.455000013113,0.252000004053,0.136999994516,0.716000020504,0.0320000015199,0.0
1710773632553423736,26349,1710773632552853316,,0.611000001431,0.680999994278,0.527999997139,0.252000004053,0.140000000596,0.716000020504,0.0320000015199,0.0
1710773632602037779,26350,1710773632601383244,,0.56099998951,0.672999978065,0.456000000238,0.246000006795,0.137999996543,0.717000007629,0.0320000015199,0.0
1710773632652427508,26351,1710773632651583806,,0.56099998951,0.67199999094,0.528999984264,0.246000006795,0.137999996543,0.716000020504,0.0320000015199,0.0
1710773632702813487,26352,1710773632701746346,,0.559000015259,0.685000002384,0.45300000906,0.209000006318,0.131999999285,0.716000020504,0.0320000015199,0.0
1710773632752933579,26353,1710773632752288211,,0.560000002384,0.686999976635,0.451000005007,0.247999995947,0.134000003338,0.713999986649,0.0320000015199,0.0
1710773632802575856,26354,1710773632801504913,,0.509999990463,0.70300000906,0.377999991179,0.25,0.134000003338,0.716000020504,0.0320000015199,0.0
1710773632852833084,26355,1710773632851690422,,0.510999977589,0.70300000906,0.381000012159,0.25,0.131999999285,0.716000020504,0.0320000015199,0.0
1710773632901675982,26356,1710773632901297647,,0.456000000238,0.714999973774,0.375,0.25,0.136999994516,0.716000020504,0.0320000015199,0.0
1710773632952832538,26357,1710773632951736126,,0.505999982357,0.727999985218,0.446999996901,0.250999987125,0.140000000596,0.716000020504,0.0320000015199,0.0
1710773633001649499,26358,1710773633001344341,,0.505999982357,0.700999975204,0.448000013828,0.252999991179,0.140000000596,0.717000007629,0.0320000015199,0.0
1710773633052392096,26359,1710773633051667665,,0.560000002384,0.68599998951,0.451999992132,0.212999999523,0.140000000596,0.717999994755,0.0320000015199,0.0
1710773633102564794,26360,1710773633101383695,,0.510999977589,0.671000003815,0.45300000906,0.21099999547,0.136999994516,0.71899998188,0.0320000015199,0.0
1710773633152609472,26361,1710773633152066865,,0.510999977589,0.670000016689,0.451999992132,0.172000005841,0.137999996543,0.717999994755,0.0320000015199,0.0
1710773633202785191,26362,1710773633201720290,,0.509999990463,0.681999981403,0.448000013828,0.208000004292,0.136000007391,0.721000015736,0.0320000015199,0.0
1710773633252850441,26363,1710773633251662466,,0.510999977589,0.681999981403,0.375999987125,0.208000004292,0.134000003338,0.72000002861,0.0320000015199,0.0
1710773633303616580,26364,1710773633301703394,,0.509999990463,0.683000028133,0.522000014782,0.21099999547,0.136999994516,0.72000002861,0.0320000015199,0.0
1710773633352899327,26365,1710773633351927603,,0.510999977589,0.688000023365,0.527000010014,0.173999994993,0.136999994516,0.71899998188,0.0320000015199,0.0
1710773633402195354,26366,1710773633401323162,,0.560000002384,0.705999970436,0.523000001907,0.254000008106,0.137999996543,0.712000012398,0.0320000015199,0.0
1710773633452163937,26367,1710773633451476538,,0.559000015259,0.707000017166,0.451000005007,0.372999995947,0.140000000596,0.712000012398,0.0320000015199,0.0
1710773633501860592,26368,1710773633501411996,,0.559000015259,0.699999988079,0.446999996901,0.409000009298,0.138999998569,0.712000012398,0.0320000015199,0.0
1710773633553052723,26369,1710773633551883186,,0.559000015259,0.686999976635,0.446000009775,0.409000009298,0.141000002623,0.712999999523,0.0320000015199,0.0
1710773633601793487,26370,1710773633601360724,,0.560000002384,0.689999997616,0.518999993801,0.287999987602,0.137999996543,0.714999973774,0.0320000015199,0.0
1710773633652756919,26371,1710773633651888060,,0.60900002718,0.699000000954,0.453999996185,0.287999987602,0.137999996543,0.714999973774,0.0320000015199,0.0
1710773633703356599,26372,1710773633702003779,,0.610000014305,0.699000000954,0.536000013351,0.252000004053,0.133000001311,0.713999986649,0.0320000015199,0.0
1710773633752581584,26373,1710773633751664236,,0.560000002384,0.700999975204,0.462000012398,0.212999999523,0.136000007391,0.716000020504,0.0320000015199,0.0
1710773633802996420,26374,1710773633801783966,,0.559000015259,0.689999997616,0.524999976158,0.175999999046,0.138999998569,0.716000020504,0.0320000015199,0.0
1710773633852685835,26375,1710773633851696611,,0.559000015259,0.690999984741,0.451000005007,0.17499999702,0.141000002623,0.717000007629,0.0320000015199,0.0
1710773633902178634,26376,1710773633901378057,,0.60799998045,0.68900001049,0.532000005245,0.178000003099,0.140000000596,0.714999973774,0.0320000015199,0.0
1710773633952791439,26377,1710773633951715756,,0.559000015259,0.672999978065,0.533999979496,0.216999992728,0.138999998569,0.712999999523,0.0320000015199,0.0
